5.832484418035071595e-03
6.030132906050101813e-03
3.868359355108560212e-03
3.515178241315035541e-03
2.786209716211991184e-03
1.663844782428845932e-03
1.867411083811448586e-04
-1.569318745884818204e-03
-3.499210479954496279e-03
-5.478370287209844217e-03
-7.376287538060499402e-03
-9.071669634954688741e-03
-1.046584332823358686e-02
-1.149110538135643921e-02
-1.211251346564101196e-02
-1.232402093195572763e-02
-1.214154354981240337e-02
-1.159573238475473597e-02
-1.072622521793739105e-02
-9.577912201052505431e-03
-8.198939328497615101e-03
-6.639889381239569809e-03
-4.953643904517320180e-03
-3.195581999866587385e-03
-1.423823686613876925e-03
3.005793092601202624e-04
1.913774206928028345e-03
3.349796535496631783e-03
4.542076641968565039e-03
5.426027402306406872e-03
5.942837897377894509e-03
6.044531555162737518e-03
5.700049817852083367e-03
4.901741838257850543e-03
3.671175213608178500e-03
2.062745109701490890e-03
1.633832697604325698e-04
-1.912988058020827090e-03
-4.036505791746621517e-03
-6.076438721544173346e-03
-7.917025169926291198e-03
-9.469987076752069133e-03
-1.068050415627673846e-02
-1.152582945940331359e-02
-1.200839615771478498e-02
-1.214677577851859015e-02
-1.196763505507967076e-02
-1.150044618231872186e-02
-1.077515037075656157e-02
-9.822020290685393173e-03
-8.672706956614394114e-03
-7.361649611423999595e-03
-5.927349035301079927e-03
-4.413284602225868089e-03
-2.868316685575736033e-03
-1.346672112599098812e-03
9.266156176137709346e-05
1.387179765337054251e-03
2.472844479966471599e-03
3.090369442719113902e-03
