1.738949504731553131e-02
1.654094585142985505e-02
1.286097248249545681e-02
9.306973258956401096e-03
4.875447634505317845e-03
6.548001067163355081e-04
-2.249679679818394375e-03
-3.249483326753854935e-03
-2.384926803937759566e-03
-7.170203969955408140e-05
3.190816433659415634e-03
6.938129030751914381e-03
1.071328255616763904e-02
1.400722339306572500e-02
1.624572889010305818e-02
1.686342437280146517e-02
1.548269708409383966e-02
1.216297045907284782e-02
7.578496180130100610e-03
2.898670847147320501e-03
-7.060824140265300943e-04
-2.602523776408701903e-03
-2.807263478215930343e-03
-1.671347682767136342e-03
4.495678852148801848e-04
3.278104651848652313e-03
6.527107057782943235e-03
9.808930566746969226e-03
1.261414972467161423e-02
1.355556090968204272e-02
