9.617628762861558239e-03
9.629314445501390915e-03
7.220827657242663046e-03
6.111525742621984336e-03
4.332600200967863698e-03
1.977251193195538742e-03
-7.188311992897819048e-04
-3.444108045542315123e-03
-5.876099094794030343e-03
-7.749144409325446278e-03
-8.900987247190005405e-03
-9.281413312942948107e-03
-8.928200696682864895e-03
-7.931107497850810664e-03
-6.402682417823579372e-03
-4.462832309739294886e-03
-2.234633315429589324e-03
1.539326068813899931e-04
2.566521677968369806e-03
4.855934951323823655e-03
6.864239038945131252e-03
8.427399747924377293e-03
9.386289581421475986e-03
9.605231675963598129e-03
8.997811380752812616e-03
7.556356894275343197e-03
5.376873057059569638e-03
2.666924874607336411e-03
-2.758270540043805848e-04
-3.117548445263772835e-03
-5.560085149565017690e-03
-7.401061541832796090e-03
-8.555391585275117297e-03
-9.034415428231473352e-03
-8.903260398113200039e-03
-8.242945289529141767e-03
-7.131465805096963081e-03
-5.642530410204306922e-03
-3.853174219402953713e-03
-1.852426900563252125e-03
2.528232657836009130e-04
2.335859289190007036e-03
4.251935964105761460e-03
5.844162026538055575e-03
6.601177902728423870e-03
