1.468202785588825776e-01
1.396559400331308654e-01
1.085857615347836924e-01
7.857918833767363331e-02
4.116362078655172452e-02
5.528506365877455808e-03
-1.899414539412883074e-02
-2.743553196388501259e-02
-2.013604286633624563e-02
-6.053835038501431676e-04
2.694020478141806452e-02
5.857893137211706014e-02
9.045272015643535113e-02
1.182636088518212031e-01
1.371634101247366511e-01
1.423786405030530999e-01
1.307210987176061212e-01
1.026924994685346065e-01
6.398557963854713260e-02
2.447360662691469568e-02
-5.961485162785495895e-03
-2.197322376347132789e-02
-2.370185015369191683e-02
-1.411126267237386434e-02
3.795721610016844494e-03
2.767718308208647060e-02
5.510865461014508027e-02
8.281723616792703579e-02
1.065018260346575762e-01
1.144502024564914011e-01
