3.036631746224226214e-02
3.236913187511417100e-02
1.440458779615605422e-02
1.388259614413651227e-02
1.141882954382907045e-02
6.806960519207594373e-03
6.348051877008709099e-05
-8.661132657369868815e-03
-1.910117028422887719e-02
-3.088667281366783840e-02
-4.356038008292333757e-02
-5.660408491165012240e-02
-6.947353365120606528e-02
-8.163801315688479221e-02
-9.261881330607781015e-02
-1.020202765382685062e-01
-1.095487137596477395e-01
-1.150174896272187358e-01
-1.183399865937013323e-01
-1.195146081870007843e-01
-1.186066329727021168e-01
-1.157309237872745089e-01
-1.110377200960020322e-01
-1.047021145335566283e-01
-9.691695185637144716e-02
-8.788833092131996538e-02
-7.783299068451376979e-02
-6.697693215209274409e-02
-5.555484757322375067e-02
-4.381009022371550043e-02
-3.199452909998522221e-02
-2.036880915067182385e-02
-9.201964425258613023e-03
1.230064851559423134e-03
1.064722714325928854e-02
1.877003762107969792e-02
2.532657938180657431e-02
3.006203567138161087e-02
3.275088829519385430e-02
3.321161614052557665e-02
3.132318676759719006e-02
2.704209436463313188e-02
2.041806741037995032e-02
1.160592832563519389e-02
8.707349298517630398e-04
-1.141656468203798569e-02
-2.479488831409397409e-02
-3.874046704670477265e-02
-5.270384813701183002e-02
-6.615179293438053221e-02
-7.860746620573821897e-02
-8.968211828939184893e-02
-9.909306535645026615e-02
-1.066661910310736650e-01
-1.123249653832970041e-01
-1.160707826349968858e-01
-1.179604223243424371e-01
-1.180855039188942746e-01
-1.165569331989854684e-01
-1.134951811643677977e-01
-1.090256664608878767e-01
-1.032779641052821162e-01
-9.638731229551487922e-02
-8.849721663811892236e-02
-7.976226740617504973e-02
-7.035067285012940042e-02
-6.044630176888049489e-02
-5.024960989996948846e-02
-3.997824283447527771e-02
-2.986634618403649633e-02
-2.016272364148678775e-02
-1.112772271842070448e-02
-3.028508497131959798e-03
3.867385044937471372e-03
8.245416829217602772e-03
