4.924392483026383827e-02
5.091267978767637786e-02
3.266072974157894354e-02
2.967880592103036563e-02
2.352409230657099420e-02
1.404791535178347150e-02
1.576663467013475484e-03
-1.324982782947765891e-02
-2.954398940309599375e-02
-4.625412350550239804e-02
-6.227832309803847666e-02
-7.659250939571210504e-02
-8.836357977180522849e-02
-9.701991279503391352e-02
-1.022664888333350841e-01
-1.040522557596958164e-01
-1.025115911225639720e-01
-9.790328322884592205e-02
-9.056199562424840921e-02
-8.086673785206506537e-02
-6.922400868006958752e-02
-5.606088077320299512e-02
-4.182383536519183875e-02
-2.698044066843628686e-02
-1.202140658590633571e-02
2.537804450015931912e-03
1.615808057654632979e-02
2.828248083794236700e-02
3.834895469909375965e-02
4.581219020489833010e-02
5.017564415465883970e-02
5.103424822125290222e-02
4.812577362249186724e-02
4.138562391596558449e-02
3.099589528240070946e-02
1.741584852109308301e-02
1.379452198745176328e-03
-1.615144308642772752e-02
-3.408039756969651057e-02
-5.130364184328738142e-02
-6.684379492581658810e-02
-7.995552123708128678e-02
-9.017597067120866616e-02
-9.731308972729506290e-02
-1.013874217810177975e-01
-1.025557670617753131e-01
-1.010432739821903320e-01
-9.709877759217228066e-02
-9.097507286116078562e-02
-8.292775328815790714e-02
-7.322404979357072241e-02
-6.215473443370707340e-02
-5.004487100463404781e-02
-3.726155779080293773e-02
-2.421732509342362782e-02
-1.137001242194211892e-02
7.823456789567140302e-04
1.171202033203788684e-02
2.087833570748333367e-02
2.609212637832876436e-02
