3.596607582399426357e-03
3.833822302703613662e-03
1.706089312719962815e-03
1.644264261462527292e-03
1.352454046182182757e-03
8.062210983243739025e-04
7.518676422553790063e-06
-1.025830525100608756e-03
-2.262355781611702626e-03
-3.658238829086035791e-03
-5.159321458495826074e-03
-6.704226854018707944e-03
-8.228493238164250392e-03
-9.669262580066399076e-03
-1.096983612266032998e-02
-1.208335191161268897e-02
-1.297502520810964351e-02
-1.362275079341334488e-02
-1.401626962548802036e-02
-1.415539261707775970e-02
-1.404785140650990569e-02
-1.370725042735117249e-02
-1.315138414548265751e-02
-1.240099065330777482e-02
-1.147891061677410764e-02
-1.040955452662610699e-02
-9.218593094299938270e-03
-7.932794034824705576e-03
-6.579954460047554576e-03
-5.188897299784182328e-03
-3.789454091672036107e-03
-2.412495803182044922e-03
-1.089887012674703622e-03
1.456897293345681696e-04
1.261064925722070072e-03
2.223136200622229889e-03
2.999697528490515627e-03
3.560568237241546787e-03
3.879037796376677387e-03
3.933606720119340976e-03
3.709939842831860065e-03
3.202884306163695551e-03
2.418329985432900089e-03
1.374614154932225166e-03
1.031304455951517974e-04
-1.352185794389681745e-03
-2.936723671749179310e-03
-4.588447634426627390e-03
-6.242280120627040699e-03
-7.835063976820506176e-03
-9.310322509151841563e-03
-1.062201193958839905e-02
-1.173665100048302927e-02
-1.263361722820167607e-02
-1.330384636506030775e-02
-1.374750354365951964e-02
-1.397131377165814620e-02
-1.398612852197955551e-02
-1.380508355173271431e-02
-1.344244752921121104e-02
-1.291307512532425747e-02
-1.223231329441569308e-02
-1.141617974191962495e-02
-1.048167137084262540e-02
-9.447097959741771953e-03
-8.332382209804952214e-03
-7.159301668379068097e-03
-5.951598451263062292e-03
-4.735050652363894004e-03
-3.537390639402874896e-03
-2.388086893347021993e-03
-1.317975153018604391e-03
-3.586986350152449911e-04
4.580557518696629559e-04
9.765928557152773679e-04
