8.120206654633364829e-02
8.130072928355877582e-02
6.096576842383424205e-02
5.159988311966882957e-02
3.658033580961116138e-02
1.669401958918102780e-02
-6.069123722648506192e-03
-2.907875710350038556e-02
-4.961216548208163823e-02
-6.542637021227390437e-02
-7.515143041966819426e-02
-7.836338457894261034e-02
-7.538119478167056020e-02
-6.696269264556116430e-02
-5.405813185208244165e-02
-3.767989128463250514e-02
-1.886710827172521920e-02
1.299659832567107154e-03
2.166925644830021425e-02
4.099887433633317424e-02
5.795507489150808489e-02
7.115291014205277209e-02
7.924885956889124450e-02
8.109739739137976355e-02
7.596892087711010211e-02
6.379865666537017088e-02
4.539717788614591049e-02
2.251696509415943015e-02
-2.328820060203573572e-03
-2.632159990321845944e-02
-4.694404571547705629e-02
-6.248749111154149050e-02
-7.223355090602939788e-02
-7.627797047473078296e-02
-7.517062273381197590e-02
-6.959555296236877298e-02
-6.021128233962820542e-02
-4.764013471058498039e-02
-3.253252096678788119e-02
-1.564012254586136241e-02
2.134598055177280851e-03
1.972176366134177627e-02
3.589928407730903770e-02
4.934251939719315472e-02
5.573403804183167665e-02
