1.645318750696886045e+00
3.276596449754681784e-01
3.107118402207775243e-01
3.050314453088304179e-01
3.031358201142348441e-01
3.028869477138642075e-01
3.034397260178284261e-01
3.043986687385815126e-01
3.055590567285793591e-01
3.068080301790453990e-01
3.080809705779192220e-01
3.093402134180958662e-01
3.105638482377226506e-01
3.117394772027895500e-01
3.128605773063482531e-01
3.139243036622116345e-01
3.149301253679087087e-01
3.158789596393654087e-01
3.167726130011198071e-01
3.176134163599664828e-01
3.184039850034355856e-01
3.191470604437093850e-01
3.198454066108499250e-01
3.205017425181146962e-01
3.211186995899111829e-01
3.216987957446422186e-01
3.222444208762991757e-01
3.227578300723060178e-01
3.232411420443047634e-01
3.236963410235070282e-01
3.241252809048204009e-01
3.245296907931357056e-01
3.249111813628766110e-01
3.252712516229334105e-01
3.256112958068408392e-01
3.259326101984311719e-01
3.262363997672937943e-01
3.265237845337480849e-01
3.267958056151565871e-01
3.270534309279838903e-01
3.272975605357353324e-01
3.275290316437656224e-01
3.277486232492534679e-01
3.279570604593757266e-01
3.281550184937212511e-01
3.283431263885989715e-01
3.285219704216531533e-01
3.286920972753514247e-01
3.288540169575079330e-01
3.290082054964501013e-01
3.291551074276263256e-01
3.292951380875066558e-01
3.294286857296938043e-01
3.295561134771883838e-01
3.296777611237400873e-01
3.297939467963051374e-01
3.299049684897135681e-01
3.300111054838037461e-01
3.301126196524409306e-01
3.302097566731269640e-01
3.303027471451771002e-01
3.303918076237927215e-01
3.304771415767561171e-01
3.305589402699339874e-01
3.306373835872558620e-01
3.307126407903407950e-01
3.307848712225665011e-01
3.308542249619285114e-01
3.309208434267124632e-01
3.309848599376529754e-01
3.310464002399439720e-01
3.311055829882204038e-01
3.311625201973266153e-01
3.312173176615046399e-01
3.312700753443939550e-01
3.313208877420376064e-01
3.313698442209359052e-01
3.314170293330098160e-01
3.314625231091765101e-01
3.315064013331197601e-01
3.315487357967225046e-01
3.315895945384876864e-01
3.316290420661731075e-01
3.316671395647999288e-01
3.317039450910682641e-01
3.317395137551486517e-01
3.317738978907497915e-01
3.318071472142912759e-01
3.318393089739302693e-01
3.318704280891607850e-01
3.319005472816322078e-01
3.319297071977945768e-01
3.319579465239245741e-01
3.319853020940513044e-01
3.320118089912736936e-01
3.320375006428817333e-01
3.320624089097357623e-01
3.320865641702616666e-01
3.321099953994057219e-01
3.321363663477761019e-01
