1.824390871729835606e+00
3.934366507452569106e-01
3.775103793302581612e-01
3.739775767478772384e-01
3.745244962150907631e-01
3.767878114123812683e-01
3.798382027537877126e-01
3.832436780206788796e-01
3.867827237438843380e-01
3.903349207409350097e-01
3.938327969384748384e-01
3.972383695130277115e-01
4.005308212385824684e-01
4.036996419498328215e-01
4.067406361120174396e-01
4.096535152333822261e-01
4.124404052050849034e-01
4.151049008791037331e-01
4.176514577110227999e-01
4.200849961357487894e-01
4.224106429416378816e-01
4.246335623394675296e-01
4.267588465369121509e-01
4.287914461910530273e-01
4.307361277735717309e-01
4.325974491673623135e-01
4.343797476151488590e-01
4.360871360008168884e-01
4.377235046955367803e-01
4.392925270522267667e-01
4.407976672171824428e-01
4.422421893334989584e-01
4.436291674942188790e-01
4.449614960022035270e-01
4.462418996341250832e-01
4.474729437053062697e-01
4.486570438025932472e-01
4.497964751022466845e-01
4.508933812250536799e-01
4.519497826055468015e-01
4.529675843694387360e-01
4.539485837251166500e-01
4.548944768829076279e-01
4.558068655209516762e-01
4.566872628195527417e-01
4.575370990875552435e-01
4.583577270049533636e-01
4.591504265058734546e-01
4.599164093255702634e-01
4.606568232341959890e-01
4.613727559791035993e-01
4.620652389562674989e-01
4.627352506301916080e-01
4.633837197204527802e-01
4.640115281718179552e-01
4.646195139237143668e-01
4.652084734936710597e-01
4.657791643883408272e-01
4.663323073546499220e-01
4.668685884827032395e-01
4.673886611712192996e-01
4.678931479654150349e-01
4.683826422765032804e-01
4.688577099912962787e-01
4.693188909797185726e-01
4.697667005074857016e-01
4.702016305605768443e-01
4.706241510877032797e-01
4.710347111664551223e-01
4.714337400983817372e-01
4.718216484378859321e-01
4.721988289594232779e-01
4.725656575671890458e-01
4.729224941511250280e-01
4.732696833928277114e-01
4.736075555246854751e-01
4.739364270452786632e-01
4.742566013939106817e-01
4.745683695869063468e-01
4.748720108181225252e-01
4.751677930259512461e-01
4.754559734289347528e-01
4.757367990319569806e-01
4.760105071048284509e-01
4.762773256350072426e-01
4.765374737559919804e-01
4.767911621528915234e-01
4.770385934465686262e-01
4.772799625576020777e-01
4.775154570512902263e-01
4.777452574648176631e-01
4.779695376176247845e-01
4.781884649059527925e-01
4.784022005824941637e-01
4.786109000219845866e-01
4.788147129735561003e-01
4.790137838005829041e-01
4.792082517087322691e-01
4.793982509628751942e-01
4.796045916825220079e-01
