1.800352388705369844e+00
3.836281288968945158e-01
3.673347203496519220e-01
3.632997023180249418e-01
3.633243502090521826e-01
3.650714450130029265e-01
3.676187865534053523e-01
3.705361641815221874e-01
3.736021803349425241e-01
3.766960045869768847e-01
3.797496032245124553e-01
3.827244081321240499e-01
3.855990341851265879e-01
3.883624320955204601e-01
3.910098974002161332e-01
3.935406612772601731e-01
3.959563956521920947e-01
3.982602656439051536e-01
4.004563193473171245e-01
4.025490906119054690e-01
4.045433390297606402e-01
4.064438797787848778e-01
4.082554730927038245e-01
4.099827537031987545e-01
4.116301872706891740e-01
4.132020451105518632e-01
4.147023913274189844e-01
4.161350783328770508e-01
4.175037479746659397e-01
4.188118363578379744e-01
4.200625810241170877e-01
4.212590295617327785e-01
4.224040490015327221e-01
4.235003355542707459e-01
4.245504243844669956e-01
4.255566992156997741e-01
4.265214016325966084e-01
4.274466399947368100e-01
4.283343979129687895e-01
4.291865422634157934e-01
4.300048307317030361e-01
4.307909188917928844e-01
4.315463668318004209e-01
4.322726453443040406e-01
4.329711417018183295e-01
4.336431650398683280e-01
4.342899513708000647e-01
4.349126682515000453e-01
4.355124191277323642e-01
4.360902473770412180e-01
4.366471400711603446e-01
4.371840314777894476e-01
4.377018063204407006e-01
4.382013028138540545e-01
4.386833154913596933e-01
4.391485978393908640e-01
4.395978647533023698e-01
4.400317948275984659e-01
4.404510324926992904e-01
4.408561900094949415e-01
4.412478493320299289e-01
4.416265638479365818e-01
4.419928600054566781e-01
4.423472388351984974e-01
4.426901773742107360e-01
4.430221299993212236e-01
4.433435296761502609e-01
4.436547891297693558e-01
4.439563019424719315e-01
4.442484435837110168e-01
4.445315723769119320e-01
4.448060304074673565e-01
4.450721443759346196e-01
4.453302264001314792e-01
4.455805747695592567e-01
4.458234746553437766e-01
4.460591987786143298e-01
4.462880080400772331e-01
4.465101521132968099e-01
4.467258700040311892e-01
4.469353905778228886e-01
4.471389330578450227e-01
4.473367074949036737e-01
4.475289152113487434e-01
4.477157492204962841e-01
4.478973946231167291e-01
4.480740289823742506e-01
4.482458226785342448e-01
4.484129392446783990e-01
4.485755356845617658e-01
4.487337627736825985e-01
4.488877653445528804e-01
4.490376825571242292e-01
4.491836481552062832e-01
4.493257907097094050e-01
4.494642338494833078e-01
4.495990964804387202e-01
4.497304929936322693e-01
4.498585334629395804e-01
4.499991272205680071e-01
