2.560895923169306698e+00
3.505466416140522457e-01
3.273898813956357401e-01
3.168198584204650614e-01
3.112844900152758609e-01
3.082439163130361037e-01
3.065984269690772979e-01
3.057938756312524320e-01
3.055214333604613919e-01
3.055962996757454198e-01
3.059019578619717739e-01
3.063619908625410670e-01
3.069247461910675212e-01
3.075544920712700026e-01
3.082260707223162255e-01
3.089215375900015159e-01
3.096279789238184921e-01
3.103360549225743781e-01
3.110390040396375788e-01
3.117319485283057134e-01
3.124114015110863174e-01
3.130749117123621805e-01
3.137208039806355653e-01
3.143479875620708852e-01
3.149558129965129849e-01
3.155439643644263326e-01
3.161123775365720645e-01
3.166611777509623082e-01
3.171906316905706014e-01
3.177011105324861195e-01
3.181930613609910141e-01
3.186669849998809978e-01
3.191234188011287110e-01
3.195629232807337128e-01
3.199860717547256539e-01
3.203934423241291407e-01
3.207856117053014544e-01
3.211631505139893594e-01
3.215266196970122947e-01
3.218765678712419698e-01
3.222135293804071488e-01
3.225380229198097637e-01
3.228505506099512701e-01
3.231515974243115985e-01
3.234416308957017150e-01
3.237211010407353151e-01
3.239904404540088767e-01
3.242500645331780618e-01
3.245003718038161900e-01
3.247417443190797615e-01
3.249745481141536607e-01
3.251991336994542459e-01
3.254158365797567010e-01
3.256249777890654062e-01
3.258268644331070996e-01
3.260217902330534989e-01
3.262100360654526798e-01
3.263918704944996918e-01
3.265675502936474239e-01
3.267373209543149581e-01
3.269014171800552759e-01
3.270600633650063704e-01
3.272134740558429455e-01
3.273618543967662387e-01
3.275054005573193039e-01
3.276443001429764079e-01
3.277787325886750147e-01
3.279088695355135696e-01
3.280348751909697991e-01
3.281569066730793405e-01
3.282751143390020832e-01
3.283896420985122910e-01
3.285006277129468577e-01
3.286082030801240061e-01
3.287124945058224057e-01
3.288136229623599971e-01
3.289117043348072644e-01
3.290068496553960609e-01
3.290991653266475692e-01
3.291887533337287675e-01
3.292757114465436619e-01
3.293601334120515589e-01
3.294421091372512489e-01
3.295217248633224849e-01
3.295990633313213847e-01
3.296742039398523616e-01
3.297472228951242035e-01
3.298181933537511767e-01
3.298871855586697488e-01
3.299542669685155416e-01
3.300195023807733219e-01
3.300829540490389236e-01
3.301446817946632750e-01
3.302047431130623600e-01
3.302631932749882093e-01
3.303200854229778050e-01
3.303754706632494598e-01
3.304293981532592239e-01
3.304819151851451919e-01
3.305330672652609936e-01
3.305828981899905372e-01
3.306314501180325771e-01
3.306787636393443419e-01
3.307248778408817813e-01
3.307698303693235031e-01
3.308136574909152361e-01
3.308563941485649362e-01
3.308980740163627310e-01
3.309387295515941463e-01
3.309783920444318572e-01
3.310170916653739082e-01
3.310548575105470848e-01
3.310917176450115518e-01
3.311276991441047812e-01
3.311628281329775381e-01
3.311971298243715500e-01
3.312306285547396145e-01
3.312633478187845260e-01
3.312953103024808277e-01
3.313265379146720924e-01
3.313570518172972990e-01
3.313868724543140853e-01
3.314160195793734998e-01
3.314445122823175272e-01
3.314723690145538471e-01
3.314996076133299718e-01
3.315262453250149566e-01
3.315522988273771343e-01
3.315777842509262108e-01
3.316027171993919387e-01
3.316271127693171672e-01
3.316509855688536401e-01
3.316743497357987902e-01
3.316972189548624828e-01
3.317196064742414796e-01
3.317415251215298233e-01
3.317629873189565370e-01
3.317840050980376820e-01
3.318045901136129072e-01
3.318247536573289969e-01
3.318445066705946744e-01
3.318638597570098270e-01
3.318828231942969609e-01
3.319014069457673077e-01
3.319196206713538322e-01
3.319374737381742269e-01
3.319549752307239254e-01
3.319721339606380717e-01
3.319889584760976620e-01
3.320054570708715902e-01
3.320216377929988694e-01
3.320375084531499432e-01
3.320530766326718619e-01
3.320683496913187094e-01
3.320833347746858233e-01
3.320980388213939927e-01
3.321124685699685108e-01
3.321266305654830275e-01
3.321405311659440529e-01
3.321563550076001015e-01
