1.764376116169558140e+00
3.698737081111432845e-01
3.532605848850642327e-01
3.487027074300820817e-01
3.481584052907141236e-01
3.493280505637300082e-01
3.513026752180929413e-01
3.536578792728928278e-01
3.561751004587981884e-01
3.587349064883606498e-01
3.612698831503529662e-01
3.637416314436893172e-01
3.661286659244478159e-01
3.684196739550017474e-01
3.706095899143312944e-01
3.726972270951806054e-01
3.746838091446270669e-01
3.765720395654454378e-01
3.783655025856186294e-01
3.800682731187635666e-01
3.816846613458871329e-01
3.832190454202478169e-01
3.846757626323414891e-01
3.860590397586353140e-01
3.873729498664896242e-01
3.886213870567173934e-01
3.898080533765429512e-01
3.909364539612582568e-01
3.920098976902111065e-01
3.930315014774837246e-01
3.940041968911516257e-01
3.949307381924250238e-01
3.958137111634268956e-01
3.966555422872205527e-01
3.974585079811608912e-01
3.982247436819124076e-01
3.989562526494720984e-01
3.996549144063827885e-01
4.003224927628470375e-01
4.009606434027501720e-01
4.015709210225448245e-01
4.021547860265732299e-01
4.027136107901992390e-01
4.032486855072851539e-01
4.037612236416184275e-01
4.042523670036586858e-01
4.047231904747285447e-01
4.051747064008064392e-01
4.056078686776895537e-01
4.060235765485464277e-01
4.064226781339679295e-01
4.068059737135511500e-01
4.071742187769565313e-01
4.075281268612570007e-01
4.078683721902665038e-01
4.081955921304460944e-01
4.085103894769672728e-01
4.088133345824968012e-01
4.091049673403509557e-01
4.093857990327705587e-01
4.096563140542619497e-01
4.099169715191973151e-01
4.101682067621480465e-01
4.104104327387623763e-01
4.106440413344142337e-01
4.108694045872852141e-01
4.110868758320213590e-01
4.112967907696442049e-01
4.114994684689430859e-01
4.116952123041910938e-01
4.118843108336549541e-01
4.120670386230216309e-01
4.122436570175460613e-01
4.124144148664759535e-01
4.125795492029900036e-01
4.127392858826768873e-01
4.128938401833647798e-01
4.130434173688748434e-01
4.131882132191116441e-01
4.133284145287056122e-01
4.134641995762888267e-01
4.135957385663031061e-01
4.137231940451269185e-01
4.138467212931880579e-01
4.139664686945696004e-01
4.140825780855634242e-01
4.141951850834901805e-01
4.143044193970316647e-01
4.144104051192029070e-01
4.145132610040698773e-01
4.146131007281975700e-01
4.147100331377549520e-01
4.148041624821637297e-01
4.148955886350826350e-01
4.149844073035066083e-01
4.150707102256834258e-01
4.151545853584974743e-01
4.152361170549504488e-01
4.153153862323297196e-01
4.154033540664707758e-01
