1.551161167109390560e+00
3.232126624854465002e-01
3.112738715000519241e-01
3.092488656700339567e-01
3.103369429088744802e-01
3.126736239565727771e-01
3.155413394440121366e-01
3.186132354389895061e-01
3.217257716417106783e-01
3.247929665730685533e-01
3.277689625193925260e-01
3.306299209393047112e-01
3.333645830973151480e-01
3.359690612914691399e-01
3.384438370080872782e-01
3.407919724763274760e-01
3.430180182386026733e-01
3.451273339567298426e-01
3.471256615535898704e-01
3.490188559920146538e-01
3.508127163402694482e-01
3.525128815394781290e-01
3.541247683351521625e-01
3.556535368485599369e-01
3.571040742916724575e-01
3.584809905432660426e-01
3.597886213913841225e-01
3.610310366227157952e-01
3.622120510564536544e-01
3.633352372379228257e-01
3.644039389269060347e-01
3.654212848026382465e-01
3.663902020046386765e-01
3.673134292645569010e-01
3.681935294779919987e-01
3.690329016297526632e-01
3.698337920303486070e-01
3.705983048514371880e-01
3.713284119680099749e-01
3.720259621282037688e-01
3.726926894797150114e-01
3.733302214865963919e-01
3.739400862725752450e-01
3.745237194277646342e-01
3.750824703153135542e-01
3.756176079134709300e-01
3.761303262269724001e-01
3.766217492999088257e-01
3.770929358602618242e-01
3.775448836243204820e-01
3.779785332872205306e-01
3.783947722239106026e-01
3.787944379230547831e-01
3.791783211746113658e-01
3.795471690302066881e-01
3.799016875538946403e-01
3.802425443794993365e-01
3.805703710894131619e-01
3.808857654284967809e-01
3.811892933656699789e-01
3.814814910147241722e-01
3.817628664249288484e-01
3.820339012512104504e-01
3.822950523128372802e-01
3.825467530488450008e-01
3.827894148777799543e-01
3.830234284687325519e-01
3.832491649300602266e-01
3.834669769217274315e-01
3.836771996967038856e-01
3.838801520764238973e-01
3.840761373649697052e-01
3.842654442062251041e-01
3.844483473879550250e-01
3.846251085964723648e-01
3.847959771252407735e-01
3.849611905405492807e-01
3.851209753071453967e-01
3.852755473764832850e-01
3.854251127400916133e-01
3.855698679503285486e-01
3.857100006106785051e-01
3.858456898375516864e-01
3.859771066954277297e-01
3.861044146070547467e-01
3.862277697402738963e-01
3.863473213729704536e-01
3.864632122374905276e-01
3.865755788458259956e-01
3.866845517967545387e-01
3.867902560660351208e-01
3.868928112806974129e-01
3.869923319783877824e-01
3.870889278526850052e-01
3.871827039852042129e-01
3.872737610652960960e-01
3.873621955980631748e-01
3.874481001013792558e-01
3.875315632925646625e-01
3.876242558072487965e-01
