1.598840302919444900e+00
3.418217743591279723e-01
3.307947296776878598e-01
3.298972134573693871e-01
3.321312900052599826e-01
3.355918426625753570e-01
3.395512554812218364e-01
3.436806744706353833e-01
3.478169566570731841e-01
3.518752448244004682e-01
3.558109921633386685e-01
3.596016766533750020e-01
3.632373029304549195e-01
3.667151777358467757e-01
3.700369072942317761e-01
3.732066129331205739e-01
3.762298438750124596e-01
3.791129031478786549e-01
3.818624253373849586e-01
3.844851114294761119e-01
3.869875634441365952e-01
3.893761833505063885e-01
3.916571137959630189e-01
3.938362061836261918e-01
3.959190066487173754e-01
3.979107536879073481e-01
3.998163832756853053e-01
4.016405386711534575e-01
4.033875830312836919e-01
4.050616135611178059e-01
4.066664763485671741e-01
4.082057813165633764e-01
4.096829169211009258e-01
4.111010643584761537e-01
4.124632111378445654e-01
4.137721639390072870e-01
4.150305607188720658e-01
4.162408820594710179e-01
4.174054617699608505e-01
4.185264967676372017e-01
4.196060562707954467e-01
4.206460903406297192e-01
4.216484378114592757e-01
4.226148336490462287e-01
4.235469157761351799e-01
4.244462314030879035e-01
4.253142428997381819e-01
4.261523332425903310e-01
4.269618110694070601e-01
4.277439153710809738e-01
4.284998198485819865e-01
4.292306369607072347e-01
4.299374216864442766e-01
4.306211750239161695e-01
4.312828472461148754e-01
4.319233409320512029e-01
4.325435137904666272e-01
4.331441812918532808e-01
4.337261191232417157e-01
4.342900654790902704e-01
4.348367232004989869e-01
4.353667617739797602e-01
4.358808192001511483e-01
4.363795037418449763e-01
4.368633955603751784e-01
4.373330482480360382e-01
4.377889902642452813e-01
4.382317262821621151e-01
4.386617384520680174e-01
4.390794875873444969e-01
4.394854142783961581e-01
4.398799399394582310e-01
4.402634677928881080e-01
4.406363837951391416e-01
4.409990575083502229e-01
4.413518429211591987e-01
4.416950792220871169e-01
4.420290915286029243e-01
4.423541915747464803e-01
4.426706783599813066e-01
4.429788387617525358e-01
4.432789481140501087e-01
4.435712707541145106e-01
4.438560605392881109e-01
4.441335613358354806e-01
4.444040074814861740e-01
4.446676242232762144e-01
4.449246281321900809e-01
4.451752274960132927e-01
4.454196226916794510e-01
4.456580065383181077e-01
4.458905646321553728e-01
4.461174756643170869e-01
4.463389117225178837e-01
4.465550385775793885e-01
4.467660159556163246e-01
4.469719977967249736e-01
4.471731325009329905e-01
4.473695631621055768e-01
4.475829559740767127e-01
