1.611421007152523455e+00
3.476161398333938446e-01
3.370479213133027452e-01
3.366911478282718639e-01
3.394841412945004966e-01
3.435050344311975645e-01
3.480200162194476143e-01
3.526975555495809878e-01
3.573732797580259080e-01
3.619617766171577822e-01
3.664182837957981609e-01
3.707202429581036296e-01
3.748577199078719779e-01
3.788281365235481313e-01
3.826332442456810701e-01
3.862773262712405065e-01
3.897661026538543072e-01
3.931060517255822728e-01
3.963039851776135603e-01
3.993667812754236324e-01
4.023012184721862505e-01
4.051138736612862057e-01
4.078110624572678922e-01
4.103988069569067809e-01
4.128828214828217935e-01
4.152685100357641490e-01
4.175609712731501721e-01
4.197650082073939859e-01
4.218851407340187265e-01
4.239256197161491713e-01
4.258904417703688883e-01
4.277833641847013091e-01
4.296079195956533647e-01
4.313674301862650551e-01
4.330650212600490878e-01
4.347036341095821821e-01
4.362860381421612699e-01
4.378148422543934326e-01
4.392925054672314755e-01
4.407213468456377958e-01
4.421035547348928230e-01
4.434411953500437820e-01
4.447362207571102233e-01
4.459904762851936710e-01
4.472057074081003392e-01
4.483835661328594013e-01
4.495256169308253780e-01
4.506333422450926607e-01
4.517081476059536804e-01
4.527513663839823899e-01
4.537642642082431732e-01
4.547480430751808522e-01
4.557038451717687622e-01
4.566327564347021917e-01
4.575358098657361650e-01
4.584139886216433424e-01
4.592682288958436221e-01
4.600994226073509274e-01
4.609084199114638070e-01
4.616960315454288200e-01
4.624630310212849982e-01
4.632101566770920886e-01
4.639381135968361214e-01
4.646475754085538368e-01
4.653391859693710719e-01
4.660135609455178241e-01
4.666712892947558755e-01
4.673129346580425780e-01
4.679390366667329770e-01
4.685501121711641015e-01
4.691466563959884595e-01
4.697291440272189922e-01
4.702980302355845299e-01
4.708537516404478485e-01
4.713967272182162938e-01
4.719273591588843964e-01
4.724460336740889943e-01
4.729531217597979231e-01
4.734489799165514379e-01
4.739339508299404979e-01
4.744083640138241353e-01
4.748725364186194287e-01
4.753267730068367336e-01
4.757713672978524100e-01
4.762066018838171932e-01
4.766327489184254418e-01
4.770500705801973829e-01
4.774588195117807077e-01
4.778592392366758923e-01
4.782515645547409933e-01
4.786360219176783448e-01
4.790128297856748874e-01
4.793821989662841454e-01
4.797443329365402298e-01
4.800994281492698135e-01
4.804476743244689430e-01
4.807892547265962269e-01
4.811243464285462346e-01
4.814531205630317445e-01
4.818041611119846523e-01
