1.579876734490182066e+00
3.341151297358753158e-01
3.226565220293471925e-01
3.212353086620766685e-01
3.229387028041346142e-01
3.258801735530736932e-01
3.293366541790763713e-01
3.329799080121551014e-01
3.366462408142750773e-01
3.402499433760510228e-01
3.437455970565281294e-01
3.471098720142148930e-01
3.503320457137844013e-01
3.534087733714493806e-01
3.563410748275398499e-01
3.591325396286254579e-01
3.617882308287601600e-01
3.643140036622645184e-01
3.667160775887746138e-01
3.690007666493956284e-01
3.711743105515110663e-01
3.732427707443546905e-01
3.752119688439236600e-01
3.770874528120880531e-01
3.788744813448401416e-01
3.805780201536029805e-01
3.822027459217516299e-01
3.837530551012868218e-01
3.852330756368235742e-01
3.866466803255056428e-01
3.879975009437751643e-01
3.892889425607215514e-01
3.905241976563306738e-01
3.917062597997913453e-01
3.928379367373965869e-01
3.939218628045700332e-01
3.949605106210015149e-01
3.959562020580414399e-01
3.969111184876185083e-01
3.978273103350078999e-01
3.987067059659165080e-01
3.995511199430920590e-01
4.003622606899232550e-01
4.011417375992127887e-01
4.018910676248801384e-01
4.026116813932096861e-01
4.033049288686172962e-01
4.039720846070830040e-01
4.046143526283746961e-01
4.052328709361079917e-01
4.058287157126909683e-01
4.064029052142051346e-01
4.069564033883876775e-01
4.074901232370995996e-01
4.080049299429769905e-01
4.085016437784073640e-01
4.089810428135007281e-01
4.094438654383980025e-01
4.098908127140352686e-01
4.103225505642787430e-01
4.107397118213660381e-01
4.111428981355815249e-01
4.115326817592291908e-01
4.119096072141498199e-01
4.122741928512940190e-01
4.126269323101632303e-01
4.129682958853528874e-01
4.132987318068081506e-01
4.136186674399208174e-01
4.139285104111077307e-01
4.142286496640664173e-01
4.145194564515077840e-01
4.148012852668035988e-01
4.150744747196439821e-01
4.153393483594871038e-01
4.155962154503099470e-01
4.158453716998924965e-01
4.160870999466546039e-01
4.163216708068212535e-01
4.165493432844779020e-01
4.167703653469374547e-01
4.169849744676345504e-01
4.171933981385951840e-01
4.173958543544118438e-01
4.175925520695084603e-01
4.177836916303554471e-01
4.179694651841703856e-01
4.181500570655432014e-01
4.183256441623509625e-01
4.184963962621773836e-01
4.186624763804150939e-01
4.188240410711647210e-01
4.189812407219046797e-01
4.191342198329111035e-01
4.192831172823115460e-01
4.194280665775863004e-01
4.195691960943193632e-01
4.197066293029036443e-01
4.198404849838952568e-01
4.199875135525953929e-01
