1.454983784633494315e+00
2.893253702166401764e-01
2.763746032570534861e-01
2.729004036715620418e-01
2.724511671826562176e-01
2.732498685337360622e-01
2.746108325648863868e-01
2.762206284799252343e-01
2.779214289907621649e-01
2.796293098958906875e-01
2.812986022963144817e-01
2.829046606798690244e-01
2.844348810231117630e-01
2.858837444710420339e-01
2.872499601439684747e-01
2.885347618228274458e-01
2.897408664803414746e-01
2.908718258036431803e-01
2.919316177478471497e-01
2.929243880927183685e-01
2.938542874729243026e-01
2.947253700404151022e-01
2.955415323192090993e-01
2.963064784318062972e-01
2.970237026580062611e-01
2.976964833441008706e-01
2.983278841670679027e-01
2.989207600675957144e-01
2.994777660389862373e-01
3.000013675473755526e-01
3.004938517585629132e-01
3.009573390202530119e-01
3.013937942364495193e-01
3.018050379003384687e-01
3.021927566413344923e-01
3.025585132034643299e-01
3.029037558143312658e-01
3.032298269324389950e-01
3.035379713796977907e-01
3.038293438782658784e-01
3.041050160186035689e-01
3.043659826900639298e-01
3.046131680075379600e-01
3.048474307683332052e-01
3.050695694730796159e-01
3.052803269433816413e-01
3.054803945674713361e-01
3.056704162033423988e-01
3.058509917670036438e-01
3.060226805315798826e-01
3.061860041611060290e-01
3.063414495010195471e-01
3.064894711456448984e-01
3.066304938012969772e-01
3.067649144620804846e-01
3.068931044140691400e-01
3.070154110821871618e-01
3.071321597329070285e-01
3.072436550447406045e-01
3.073501825574944668e-01
3.074520100102975384e-01
3.075493885775322789e-01
3.076425540110472312e-01
3.077317276962782122e-01
3.078171176292655575e-01
3.078989193209399899e-01
3.079773166345138313e-01
3.080524825613448758e-01
3.081245799401148289e-01
3.081937621238157732e-01
3.082601735986594815e-01
3.083239505586334861e-01
3.083852214391466506e-01
3.084441074129359306e-01
3.085007228511263966e-01
3.085551757520817451e-01
3.086075681404920612e-01
3.086579964389575825e-01
3.087065518141100529e-01
3.087533204991653735e-01
3.087983840946587066e-01
3.088418198489648048e-01
3.088837009200799955e-01
3.089240966200202387e-01
3.089630726430982466e-01
3.090006912792459537e-01
3.090370116134257827e-01
3.090720897121320698e-01
3.091059787978965301e-01
3.091387294126333174e-01
3.091703895705963379e-01
3.092010049016798434e-01
3.092306187857165600e-01
3.092592724783984615e-01
3.092870052293848482e-01
3.093138543931273632e-01
3.093398555329053834e-01
3.093650425185235364e-01
3.093894476180935049e-01
3.094169790514905150e-01
