8.531989688325854887e-03
3.619496335427749203e-03
-1.614457549135883598e-03
-7.336737830470232806e-03
-1.102420909219845209e-02
-1.069113609330271317e-02
-7.537482504282798541e-03
-3.426480406815709569e-03
7.019498857787438619e-04
3.968376898730310680e-03
4.774067789469457583e-03
1.729441814655061690e-03
-4.140302090562274044e-03
-9.092464942670368602e-03
-1.055776250990252130e-02
-9.422354846313171425e-03
-7.214593086726045663e-03
-4.235289021043931942e-03
-7.412324037662135863e-04
-2.560709725114983671e-03
