1.842684057111215398e-02
1.420366697084388292e-02
8.004989616319249657e-03
1.436740890709976631e-03
-2.695333389507089620e-03
-2.285965134799804177e-03
1.457568292078804950e-03
6.459386076963564115e-03
1.139958919944191948e-02
1.503292351342143743e-02
1.557007226745932976e-02
1.172599862285380636e-02
4.903492718289453704e-03
-7.433761465600695470e-04
-2.380423298127153173e-03
-8.064558380671335699e-04
2.277646266016535113e-03
6.201891806564121222e-03
1.032851322090029035e-02
9.806857267415949181e-03
