3.212902839741523398e-03
-1.980893109121220370e-03
-6.536350259924363949e-03
-1.177138230385397014e-02
-1.533656897935503291e-02
-1.524394638360691487e-02
-1.258524862457840315e-02
-9.039947417149609560e-03
-5.328440184150418264e-03
-2.143408404445458753e-03
-1.007967114998947452e-03
-3.433430460266636772e-03
-8.695766463017642195e-03
-1.333223449972143100e-02
-1.488567959064403777e-02
-1.419384135578919889e-02
-1.259946662944201254e-02
-1.016713942292749029e-02
-6.949853971536253984e-03
-9.424864783582198938e-03
