5.273721792776944750e-02
4.832355992756869750e-02
3.594563905006125520e-02
2.551783474067426116e-02
2.080782309043598122e-02
2.411963109609399636e-02
3.336596990357075521e-02
4.420314836715520668e-02
5.279560652200199905e-02
5.619311899936834526e-02
5.240174580244536667e-02
4.222261137916152179e-02
3.012876780680197666e-02
2.211485074534411122e-02
2.180247499975088502e-02
2.815440551865336025e-02
3.752109777792844020e-02
4.654445177588531490e-02
5.251143253174901659e-02
5.504701047341870740e-02
