7.203596765133751800e-02
3.055956822003252915e-02
-1.363093674892032481e-02
-6.194440316134533497e-02
-9.307788670136268872e-02
-9.026573658744296846e-02
-6.363929935287809814e-02
-2.892992616728667921e-02
5.926594043357269470e-03
3.350518230189566959e-02
4.030766625492665511e-02
1.460175400655083777e-02
-3.495675432784445258e-02
-7.676808510180513356e-02
-8.913965750268912358e-02
-7.955336020121500651e-02
-6.091312966822609587e-02
-3.575873319812356010e-02
-6.258258086374146600e-03
-2.162018587238162537e-02
