5.610049391211373825e-03
5.288363981482945833e-04
-4.354730043815201700e-03
-9.813023427815471128e-03
-1.341777681608292278e-02
-1.318980193665887125e-02
-1.028146587366875024e-02
-6.465977167609747618e-03
-2.567757438575117134e-03
6.364577486490278569e-04
1.594682369792263478e-03
-1.137601434667435962e-03
-6.686381858311639566e-03
-1.145702277313627275e-02
-1.294673638268237573e-02
-1.202569158772713587e-02
-1.013247158501300038e-02
-7.445795226961850199e-03
-4.112639031601755465e-03
-6.299919812739959712e-03
