4.736589602547980338e-02
4.464989183236511838e-03
-3.676717905505733075e-02
-8.285179237559983645e-02
-1.132868852383569491e-01
-1.113620832121685056e-01
-8.680687273887927047e-02
-5.459253223401616673e-02
-2.167969002995517869e-02
5.373641022545672108e-03
1.346397403195342957e-02
-9.604819408062181818e-03
-5.645341882080245899e-02
-9.673215182099281773e-02
-1.093098699508980309e-01
-1.015334478643111771e-01
-8.554890734629033711e-02
-6.286517960069787359e-02
-3.472319389314965088e-02
-5.319050261599703178e-02
