2.712668128832734782e-02
-1.672476844699671839e-02
-5.518669537610676468e-02
-9.938630329244321771e-02
-1.294873326430503735e-01
-1.287053159558732007e-01
-1.062578127637260339e-01
-7.632467730271719208e-02
-4.498825699036484993e-02
-1.809689229904998253e-02
-8.510311092971289959e-03
-2.898860577706763308e-02
-7.341874222968478025e-02
-1.125646476643162308e-01
-1.256804535203577267e-01
-1.198392325945808468e-01
-1.063778560098896930e-01
-8.584160944061741683e-02
-5.867792556759882094e-02
-7.957455171298699614e-02
