4.452626718319172561e-01
4.079979614254382048e-01
3.034906260329710559e-01
2.154482113857406067e-01
1.756813739576279787e-01
2.036431159519309919e-01
2.817103649243566377e-01
3.732091437265288025e-01
4.457556493247403218e-01
4.744409979778750897e-01
4.424302657870720634e-01
3.564873820260191506e-01
2.543785239303674173e-01
1.867166664635710183e-01
1.840792641779815941e-01
2.377088954947285115e-01
3.167922940028636281e-01
3.929768723307979217e-01
4.433563557112910614e-01
4.647643528205096519e-01
