1.049814415884423313e-01
6.570910179474906410e-02
1.810562622844033576e-02
-3.306122931508881369e-02
-6.549432464218457595e-02
-6.215000164610173794e-02
-3.335928729539744397e-02
4.371356035438533905e-03
4.186871473604369953e-02
7.052456125221864824e-02
7.622381643932954476e-02
4.763156884764610521e-02
-5.217564230543730863e-03
-4.924784028490586385e-02
-6.192603255749715152e-02
-5.061192824827326353e-02
-2.891298271930936581e-02
-6.086171968935349952e-04
3.090238084679772235e-02
1.982517274631176440e-02
