1.243407434232671367e-02
7.782631332940017493e-03
2.144442857065817932e-03
-3.915794800800135624e-03
-7.757192978868929049e-03
-7.361089056796050849e-03
-3.951096993543974818e-03
5.177464235488764450e-04
4.958959448152133222e-03
8.352977672070771575e-03
9.028001386931147620e-03
5.641515863490367474e-03
-6.179719057657495499e-04
-5.832948167183171946e-03
-7.334562003481141790e-03
-5.994511686309495456e-03
-3.424473613152204717e-03
-7.208504053373415027e-05
3.660099299363005296e-03
2.348107132530066234e-03
