1.555786328613636693e-01
1.199221906986210062e-01
6.758648265122502163e-02
1.213046711345075468e-02
-2.275681944643803689e-02
-1.930050510115371987e-02
1.230631378768187734e-02
5.453688336312909057e-02
9.624723760896464198e-02
1.269236404961415765e-01
1.314588112691177924e-01
9.900312685929543721e-02
4.140040667378941386e-02
-6.276357801937831882e-03
-2.009801956687840008e-02
-6.808942437275200543e-03
1.923026852276366050e-02
5.236284780864652877e-02
8.720409557986438798e-02
8.279973120964687072e-02
