1.487719886469615060e-01
1.416432403754439295e-01
1.114657442420476791e-01
8.192618269085477634e-02
4.459463598271580509e-02
8.879195520084287585e-03
-1.554548759446405803e-02
-2.356959677846004464e-02
-1.577256616364519637e-02
3.992376652707824158e-03
3.138317618066838177e-02
6.259287254678330692e-02
9.396736172634087558e-02
1.214022470002558279e-01
1.401912586202696542e-01
1.455688801136589272e-01
1.341984756042206572e-01
1.063481534108870752e-01
6.756979818551521466e-02
2.787236302174134206e-02
-2.534261754169847558e-03
-1.817337065374169391e-02
-1.944813295942338094e-02
-9.688381428956394092e-03
7.970675795001713748e-03
3.129742008181035651e-02
5.806969762971656013e-02
8.521552184682336384e-02
1.086026696175462075e-01
1.164427698722084875e-01
