1.891696615584433083e-02
2.076383464744071400e-02
3.187609421936091203e-03
3.883837285772066827e-03
3.256978387707783196e-03
1.177347361782501989e-03
-2.395016745449209117e-03
-7.440698823506938786e-03
-1.388826339041143026e-02
-2.161416815877713338e-02
-3.044418004359539243e-02
-4.015684621114696401e-02
-5.048939908197806054e-02
-6.114807034334599628e-02
-7.182163565140597949e-02
-8.219648831691464541e-02
-9.197354532586275722e-02
-1.008837133899484206e-01
-1.086993252059011705e-01
-1.152429104709128682e-01
-1.203901376708870069e-01
-1.240683498345045987e-01
-1.262516161868139641e-01
-1.269533888607959349e-01
-1.262183869924999036e-01
-1.241159211706558269e-01
-1.207335882034730329e-01
-1.161719832089473659e-01
-1.105412015545268328e-01
-1.039575967459852590e-01
-9.654312535865544609e-02
-8.842417130420185400e-02
-7.972968622981807529e-02
-7.059108371062591814e-02
-6.114309198726583516e-02
-5.152336114548582147e-02
-4.187248288401446139e-02
-3.233412694454292080e-02
-2.305557403527229432e-02
-1.418703185904253428e-02
-5.881327521728818564e-03
1.707009206399094647e-03
8.423848885182425028e-03
1.411783100435452798e-02
1.864374623116248769e-02
2.186686373175309589e-02
2.366816114835288559e-02
2.395008816214456993e-02
2.264377243728068340e-02
1.971507479517301681e-02
1.517169455328158667e-02
9.068541283151106136e-03
1.511626568680160543e-03
-7.340598853599070162e-03
-1.727898392059069865e-02
-2.804979904658248119e-02
-3.936430494895245408e-02
-5.091199536753940325e-02
-6.237749911262169961e-02
-7.345643415421596045e-02
-8.387229940898394132e-02
-9.339017782306381632e-02
-1.018250633244684455e-01
-1.090450636175515631e-01
-1.149705704915010562e-01
-1.195679895628221495e-01
-1.228412771667463377e-01
-1.248231409581870011e-01
-1.255651836621708428e-01
-1.251313062932123132e-01
-1.235925692940270382e-01
-1.210232564591302573e-01
-1.174998655146410331e-01
-1.130991476049669764e-01
-1.078993586336788602e-01
-1.019819641967437962e-01
-9.543110846599375807e-02
-8.833483378472345438e-02
-8.078670943621837908e-02
-7.288679990899121774e-02
-6.474193075689985144e-02
-5.646600928867710756e-02
-4.818057620427253912e-02
-4.001434790237738681e-02
-3.210281060460044855e-02
-2.458731534412486597e-02
-1.761359122436739755e-02
-1.132934761312325705e-02
-5.882392975205694152e-03
-2.164835252078375905e-03
