9.790534782515245352e-03
9.788752528233038430e-03
7.460336953296908998e-03
6.396078854962785817e-03
4.649053780665848151e-03
2.313855700599874200e-03
-3.756863658165308429e-04
-3.104158010212051781e-03
-5.539406056856113758e-03
-7.405130625483434363e-03
-8.533899214580545345e-03
-8.879079866861599654e-03
-8.488334988839526044e-03
-7.461931225497037481e-03
-5.919320207325286763e-03
-3.982271295296192781e-03
-1.771945893964901701e-03
5.879736120543722347e-04
2.966647212080829668e-03
5.223094975367132721e-03
7.205282900870649265e-03
8.753411696959697424e-03
9.709965140911002573e-03
9.937743062459074989e-03
9.345759532503434067e-03
7.919708882458666166e-03
5.748886515309343734e-03
3.037077754182894093e-03
8.384857487350181650e-05
-2.769184851638630766e-03
-5.213724278389611153e-03
-7.041046860557679393e-03
-8.167769915276941115e-03
-8.614164060315445889e-03
-8.456476833946504831e-03
-7.783960447878252205e-03
-6.678057212049226532e-03
-5.211512719900378635e-03
-3.457772682800461586e-03
-1.500692531032235414e-03
5.587170557126291959e-04
2.599986335919336495e-03
4.484236393308488160e-03
6.059034796689443184e-03
6.806306213797735406e-03
