5.047228180400689657e-02
5.199587262601945703e-02
3.434033421899769511e-02
3.160964680286059564e-02
2.565854997074307198e-02
1.637091050477072762e-02
4.055028821144099349e-03
-1.066729362962474947e-02
-2.691539907709505908e-02
-4.362738746262460887e-02
-5.967453595997640470e-02
-7.399616769730064936e-02
-8.572553730516914439e-02
-9.427127780244118349e-02
-9.934053606510229173e-02
-1.009042713621421117e-01
-9.912990833414252190e-02
-9.431034055758777401e-02
-8.680845799941809549e-02
-7.702061465487901326e-02
-6.535944220636638602e-02
-5.225059332898300546e-02
-3.813071379419639972e-02
-2.345223680994837356e-02
-8.687671634426935574e-03
5.668345280357880989e-03
1.909759608780084439e-02
3.106186941794965295e-02
4.101317804224120789e-02
4.841444196590814764e-02
5.276986358280304212e-02
5.366720865269012514e-02
5.082946470856632842e-02
4.417178943952936032e-02
3.385350381253025842e-02
2.031379243977099458e-02
4.275008322655649007e-03
-1.329914803984917626e-02
-3.129526590923062401e-02
-4.858052712777070903e-02
-6.414476336407519408e-02
-7.721845215577045896e-02
-8.733159190985501086e-02
-9.430499463031330465e-02
-9.818786408971393043e-02
-9.917212100242987771e-02
-9.751427884976364424e-02
-9.348674109316727765e-02
-8.735491093601467638e-02
-7.937647746526482750e-02
-6.981340768774912942e-02
-5.894539964222501871e-02
-4.708107804907579741e-02
-3.456871998319251127e-02
-2.180012159514307934e-02
-9.211541368112682870e-03
2.719437958162970737e-03
1.348254085140628000e-02
2.254995112313905314e-02
2.769637151051534962e-02
