1.762065693614707496e-02
1.677632307451775232e-02
1.320207962052772840e-02
9.703393578406308354e-03
5.281819440543210516e-03
1.051658040947849298e-03
-1.841218271654634702e-03
-2.791599297244750158e-03
-1.868113613993487585e-03
4.728598440946130610e-04
3.717045030287791357e-03
7.413542991699284719e-03
1.112955912758450960e-02
1.437896585993232029e-02
1.660434935407375037e-02
1.724127855243463153e-02
1.589456000072208414e-02
1.259594863313170596e-02
8.003013496694116186e-03
3.301221898507481975e-03
-3.001597099208850824e-04
-2.152466553518544382e-03
-2.303450280145012512e-03
-1.147498578050806057e-03
9.440523381472257355e-04
3.706888018797238268e-03
6.877815035108267652e-03
1.009298517653637629e-02
1.286297508747853008e-02
1.379156196857635880e-02
