5.977971865143229951e-03
6.158427012848845424e-03
4.067292867755511673e-03
3.743868366966004481e-03
3.039016353988115149e-03
1.938981930405370797e-03
4.802804101323572506e-04
-1.263441614206074586e-03
-3.187878428932111510e-03
-5.167257858759374128e-03
-7.067893193723144736e-03
-8.764157133624311119e-03
-1.015339175915569436e-02
-1.116555515723395738e-02
-1.176596160188428039e-02
-1.195117148889781634e-02
-1.174101470816970964e-02
-1.117018177689320206e-02
-1.028165363302024557e-02
-9.122374717093782726e-03
-7.741217410148770739e-03
-6.188596308576321814e-03
-4.516228038682389492e-03
-2.777699101636768673e-03
-1.028973819845888744e-03
6.713627241874914418e-04
2.261932451321817077e-03
3.678989235721746073e-03
4.857629092116140697e-03
5.734239895526817114e-03
6.250099035554191815e-03
6.356381204486845349e-03
6.020276854690916751e-03
5.231737204351524610e-03
4.009632338670267131e-03
2.405979586000602573e-03
5.063349340005425915e-04
-1.575160265614969834e-03
-3.706632877111266933e-03
-5.753911136638673041e-03
-7.597350010362913762e-03
-9.145806727138262177e-03
-1.034361397415239393e-02
-1.116954860157998684e-02
-1.162943833817751439e-02
-1.174601440571368741e-02
-1.154965843781884105e-02
-1.107263408833076591e-02
-1.034637589569274187e-02
-9.401404733079815959e-03
-8.268748153446994070e-03
-6.981533785398834346e-03
-5.576315353660985137e-03
-4.094343035173293385e-03
-2.582021436211761906e-03
-1.091021312391091038e-03
3.220921072288473346e-04
1.596881436692890914e-03
2.670831762628542161e-03
3.280377342545093972e-03
