3.146052419585580739e-02
3.331840324779117291e-02
1.592765401827180016e-02
1.557700505423117304e-02
1.325381773300857158e-02
8.786847660309085595e-03
2.187321399322830762e-03
-6.406267689795866471e-03
-1.673951743150748489e-02
-2.845076838226606730e-02
-4.108557264699883027e-02
-5.412152177422186600e-02
-6.700345192614909351e-02
-7.918413626146413031e-02
-9.016680888355466106e-02
-9.953959775636261886e-02
-1.069981630302048181e-01
-1.123534675300078695e-01
-1.155247276406445867e-01
-1.165230347017388451e-01
-1.154292905192258051e-01
-1.123748602357911019e-01
-1.075251713347972482e-01
-1.010673628239257271e-01
-9.320175357482325673e-02
-8.413814360482173293e-02
-7.409444451004820742e-02
-6.329359732849612619e-02
-5.196417964247200538e-02
-4.034208571711524194e-02
-2.867017323576739884e-02
-1.719884018904409284e-02
-6.186741761558367525e-03
4.100302193139268581e-03
1.339113055453888812e-02
2.141330380081286899e-02
2.789983396249141184e-02
3.259798384921810260e-02
3.528128756472789090e-02
3.576404924944870389e-02
3.391833197633823543e-02
2.969119924693205265e-02
2.312169643428859528e-02
1.435399724282256789e-02
3.643888971011706446e-03
-8.642967025967666916e-03
-2.204602058636261769e-02
-3.603616826139904167e-02
-5.005292919373491300e-02
-6.354843156685828498e-02
-7.603003202011229811e-02
-8.709636831626835218e-02
-9.645774011588970076e-02
-1.039402643955723293e-01
-1.094751649259667614e-01
-1.130771282734031463e-01
-1.148193889749936358e-01
-1.148093819133488153e-01
-1.131719602620718246e-01
-1.100385839904280821e-01
-1.055418594254577402e-01
-9.981400051134631246e-02
-9.298977682280312740e-02
-8.521037031409539608e-02
-7.662450032604625760e-02
-6.739243176436990335e-02
-5.768923833875103102e-02
-4.770550399690633159e-02
-3.764806221957105181e-02
-2.774036277666645789e-02
-1.822081773382977499e-02
-9.340491234813813604e-03
-1.358927101185763986e-03
5.462095912559333799e-03
9.783664882023923592e-03
