8.266191974511763463e-02
8.264687209310334071e-02
6.298795604161414041e-02
5.400237767773380382e-02
3.925216742955150995e-02
1.953598638619329086e-02
-3.171936662328345147e-03
-2.620854386571024042e-02
-4.676945121784470416e-02
-6.252184656541985575e-02
-7.205208986626476797e-02
-7.496646543514390304e-02
-7.166738908585602863e-02
-6.300141655256541462e-02
-4.997708325365565751e-02
-3.362249330883748666e-02
-1.496061783480920337e-02
4.964287305192438549e-03
2.504753409334212200e-02
4.409882271660810205e-02
6.083452335579407622e-02
7.390544349857935957e-02
8.198166668477645247e-02
8.390480578687556368e-02
7.890666256685290036e-02
6.686645362985044194e-02
4.853810402685732744e-02
2.564218228653819542e-02
7.079372394768468357e-04
-2.338035061928871172e-02
-4.401970550608605426e-02
-5.944787117742156290e-02
-6.896084394071835821e-02
-7.272976952155200958e-02
-7.139840926999371784e-02
-6.572032357116852630e-02
-5.638313346289954009e-02
-4.400103321959614178e-02
-2.919412824240857907e-02
-1.267041365133834974e-02
4.717272901376759475e-03
2.195180004078924052e-02
3.786060691227872976e-02
5.115669973322399533e-02
5.746594547730138336e-02
