3.726206182549751927e-03
3.946254658749749795e-03
1.886482326452008961e-03
1.844951221325510059e-03
1.569791312810661773e-03
1.040720296748249424e-03
2.590678550249246462e-04
-7.587627632705030729e-04
-1.982639989018332091e-03
-3.369728628306060611e-03
-4.866203559030669347e-03
-6.410190363918716848e-03
-7.935935055153336623e-03
-9.378623708253293681e-03
-1.067941902782855966e-02
-1.178953860588031512e-02
-1.267293622072370243e-02
-1.330722217897328634e-02
-1.368282841354087620e-02
-1.380106859034068052e-02
-1.367152477506169798e-02
-1.330975594579976093e-02
-1.273535544777161174e-02
-1.197048815410771232e-02
-1.103887997011607745e-02
-9.965379754538358781e-03
-8.775797107102866618e-03
-7.496537318101134141e-03
-6.154673274020376963e-03
-4.778144454308502070e-03
-3.395715090467609203e-03
-2.037042493193522239e-03
-7.327619609337036616e-04
4.856426195343066109e-04
1.586054738090683560e-03
2.536206469881882586e-03
3.304475575675291151e-03
3.860927688344553341e-03
4.178740030953529035e-03
4.235918657829103665e-03
4.017310631100513493e-03
3.516646115381904993e-03
2.738549671586012341e-03
1.700097332693301967e-03
4.315847227395290791e-04
-1.023678975189379857e-03
-2.611145882316372353e-03
-4.268148621271742639e-03
-5.928303452775527359e-03
-7.526720061039521292e-03
-9.005049426675373198e-03
-1.031575392950572455e-02
-1.142452126153545994e-02
-1.231075659755394812e-02
-1.296631403352541817e-02
-1.339293305649462244e-02
-1.359928761554342336e-02
-1.359810237226082713e-02
-1.340416502263354868e-02
-1.303304577608292714e-02
-1.250045061743572904e-02
-1.182203905742281076e-02
-1.101377329741676236e-02
-1.009237502544731505e-02
-9.075458662806054622e-03
-7.982006095452675101e-03
-6.832753174302051528e-03
-5.650272793558223927e-03
-4.459062453322459180e-03
-3.285587698446666791e-03
-2.158086218406119177e-03
-1.106294223533621154e-03
-1.609522630503347831e-04
6.469344068252791359e-04
1.158784015944485041e-03
