2.240538517609213555e-03
2.459282895449214478e-03
3.775426582732118981e-04
4.600043666204223572e-04
3.857587664196111409e-04
1.394458334887022956e-04
-2.836674350575061677e-04
-8.812815001440573890e-04
-1.644935494019752554e-03
-2.559996982965543309e-03
-3.605829680232924307e-03
-4.756204559470946121e-03
-5.979999247351088128e-03
-7.242419622314397870e-03
-8.506604058439613467e-03
-9.735408763173476754e-03
-1.089341013807373394e-02
-1.194873658849336315e-02
-1.287442304202194784e-02
-1.364944979360226476e-02
-1.425909093295932295e-02
-1.469474091830213006e-02
-1.495332849076221049e-02
-1.503644693024709829e-02
-1.494939280207109589e-02
-1.470037530016351721e-02
-1.429976945089993234e-02
-1.375948980943132553e-02
-1.309257614700565925e-02
-1.231280945309013407e-02
-1.143463434857468035e-02
-1.047301983111767476e-02
-9.443239022744399219e-03
-8.360856637921829787e-03
-7.241829982386933061e-03
-6.102462427226266854e-03
-4.959405750196497868e-03
-3.829676294585557944e-03
-2.730718089045120704e-03
-1.680321837490494517e-03
-6.965884877389528964e-04
2.021793476470910768e-04
9.977264714796569602e-04
1.672125640536785071e-03
2.208178161303409309e-03
2.589926420900656116e-03
2.803273329189907761e-03
2.836664959134737370e-03
2.681944023779471789e-03
2.335067055267993439e-03
1.796945966070112024e-03
1.074084283708042192e-03
1.790380932897631106e-04
-8.694255906740912948e-04
-2.046534772029133791e-03
-3.322237543658658043e-03
-4.662335425799486906e-03
-6.030051842857066940e-03
-7.388034013624607439e-03
-8.700230720553401437e-03
-9.933892984643524424e-03
-1.106119706802472305e-02
-1.206023072394115520e-02
-1.291537253793677807e-02
-1.361719365862109829e-02
-1.416171514404458015e-02
-1.454940558528053547e-02
-1.478413889953378128e-02
-1.487202694914437073e-02
-1.482063821434081476e-02
-1.463838914296528189e-02
-1.433407795887007424e-02
-1.391676510549349176e-02
-1.339554104131070525e-02
-1.277967444950992189e-02
-1.207881417146034440e-02
-1.130292630090389341e-02
-1.046243863369891378e-02
-9.568433580287919599e-03
-8.632762847699962730e-03
-7.668078928206357309e-03
-6.687873082009745777e-03
-5.706540673432860221e-03
-4.739326961506127624e-03
-3.802279027755147995e-03
-2.912138586033061801e-03
-2.086165891850820693e-03
-1.341855744598053008e-03
-6.967146807835455013e-04
-2.564045802376899337e-04
