-6.163813160632411581e+00
-1.954062234342091031e+01
-1.838713613832813110e+01
-1.847886238245498447e+01
-2.048403566144644827e+01
-1.746324298907170913e+01
-2.041714509146698475e+01
-1.702236150191683706e+01
-1.915794365003771205e+01
-1.914110594280246858e+01
-1.813497887463778113e+01
-2.066656535155563645e+01
-1.673634089807644543e+01
-2.010006024890255460e+01
-1.756373728536198087e+01
-1.870020163863881280e+01
-1.996272314982845231e+01
-1.756815908415616079e+01
-2.069167759059921963e+01
-2.766345256672373409e+01
