-2.484185263870650195e-01
-7.875405176526684148e-01
-7.410518691798201329e-01
-7.447486876594178185e-01
-8.255626542960494696e-01
-7.038164487191135299e-01
-8.228667814020397264e-01
-6.860477191200622382e-01
-7.721175198082256275e-01
-7.714389141610216161e-01
-7.308892418854320283e-01
-8.329190999664694006e-01
-6.745203066124646485e-01
-8.100873951233277248e-01
-7.078666436786525962e-01
-7.536692649741192351e-01
-8.045523344585813197e-01
-7.080448542622319597e-01
-8.339311918736885820e-01
-1.114912788936466947e+00
