1.672055704391213959e-03
1.155804903786845569e-03
8.260369509037239705e-04
1.104239490042291166e-03
1.540229838383843416e-03
1.472114584876728057e-03
1.006043197361516971e-03
8.502263168095803474e-04
1.226285123267766139e-03
1.564242330569787015e-03
1.361341016651317331e-03
9.138066409777471965e-04
9.012999464844588873e-04
1.353776371831747361e-03
1.586786452761975450e-03
1.246508111945925741e-03
8.530647867312581055e-04
9.956207771732064442e-04
1.445847425346732766e-03
1.465848947216085796e-03
