1.447975538723321465e-02
1.000909971973185271e-02
7.153357964384781179e-03
9.562550854462753547e-03
1.333816286224500346e-02
1.274829482954000816e-02
8.712185466385889004e-03
7.362834299634392343e-03
1.061944800839356891e-02
1.354610749720972472e-02
1.178901209328754932e-02
7.913430514209219419e-03
7.805124387511360763e-03
1.172350338667507708e-02
1.374133626495083194e-02
1.079457610280424792e-02
7.387415029828951415e-03
8.621928847259287959e-03
1.252082510845781323e-02
1.269403533302151943e-02
