2.889709777779540106e-02
2.860390617251117040e-02
2.411850624594635145e-02
2.207251523668865914e-02
1.912909885276476568e-02
1.547330040734143548e-02
1.149009614480761207e-02
7.649219227566022954e-03
4.401821283198152635e-03
2.087132643360117574e-03
8.817916231416868386e-04
8.062074113864889759e-04
1.770077931960906559e-03
3.624061574757426150e-03
6.194709959313472909e-03
9.299055436581105116e-03
1.274669995226340030e-02
1.633750345598257436e-02
1.985904039003684798e-02
2.308569672369103695e-02
2.578144834011819250e-02
2.770962768759058226e-02
2.865230230485623850e-02
2.844079115507002625e-02
2.699533586215709102e-02
2.436621761823359877e-02
2.076193382596860232e-02
1.654576866192127016e-02
1.218660151286703706e-02
8.167644377924523219e-03
4.882655338628747940e-03
2.564338665952090555e-03
1.275189106743047484e-03
9.537997498841767471e-04
1.480780242907562671e-03
2.728811281495331208e-03
4.582336463263766979e-03
6.933099482162939642e-03
9.665801569563087572e-03
1.264481137685572604e-02
1.570651341822849184e-02
1.865801553316047759e-02
2.128189823464079339e-02
2.334753460823227669e-02
2.435277023659185650e-02
