-4.407702949618430466e+03
-1.021200631295259955e+05
-5.696988761120121490e+04
-6.462415933363580552e+04
-7.743925886908304528e+04
-9.664314237938282895e+04
-1.231985014214537368e+05
-1.582438425572523847e+05
-2.041756282616457902e+05
-2.670347429084573523e+05
-3.594859403190530720e+05
-4.997533533896446461e+05
-7.014269207059361506e+05
-9.616707430887413211e+05
-1.265156626313502202e+06
-1.599610486004962120e+06
-1.957483240224256646e+06
-2.318173499550533947e+06
-2.635878869968581479e+06
-2.849444358883260284e+06
-2.903627082002916373e+06
-2.769116982578874566e+06
-2.455999984847022686e+06
-2.015365792809245642e+06
-1.525023520289698616e+06
-1.063644276600322220e+06
-6.862721000673454255e+05
-4.136606807189930696e+05
-2.379211943908104440e+05
-1.367418768658803892e+05
-8.634631588598038070e+04
-6.836573050616416731e+04
-7.125495467237196863e+04
-8.893273196304932935e+04
-1.187739864392801974e+05
-1.599290972861853661e+05
-2.120738675050835591e+05
-2.743313987121622195e+05
-3.444220145713178208e+05
-4.181949593036688166e+05
-4.883667530992716784e+05
-5.419652759940621909e+05
-5.620234904982140288e+05
-5.395476816560233710e+05
-4.860642264081346802e+05
-4.267576761739699286e+05
-3.788383430117408279e+05
-3.431187030979574192e+05
-3.128041979516329593e+05
-2.821892429685911047e+05
-2.488246425763998122e+05
-2.127076580602035392e+05
-1.753009325788411661e+05
-1.388504430145242950e+05
-1.057714461468859081e+05
-7.803657751977384032e+04
-5.674427464852057892e+04
-4.205282869670390210e+04
-3.346329385275201639e+04
-3.000502120422733788e+04
