2.048515207328341636e-01
1.960212266000015136e-01
1.580794849352907538e-01
1.235519641742520436e-01
8.212003189759477240e-02
4.397208433191134025e-02
1.900383448930720309e-02
1.207407527255774382e-02
2.232406596643901620e-02
4.565578913597073685e-02
7.732463858149335456e-02
1.128929298717683827e-01
1.479517348095480134e-01
1.776389253845090388e-01
1.966031996964869022e-01
1.997836378144308422e-01
1.841545859542852992e-01
1.510092612765704390e-01
1.073382765769728131e-01
6.428270072871469787e-02
3.233986705140487472e-02
1.667512308190396975e-02
1.657117288068693517e-02
2.853532783158210795e-02
4.923397556684461218e-02
7.609404449607634624e-02
1.064051799307810797e-01
1.364830493575399650e-01
1.615225727657970678e-01
1.701356430484605720e-01
