-1.076559294845422528e+03
-2.494231222224486919e+04
-1.391460875090213085e+04
-1.578412615310655929e+04
-1.891414981326480483e+04
-2.360460185289957735e+04
-3.009061484685002870e+04
-3.865026330138999765e+04
-4.986887113275338925e+04
-6.522189399121014139e+04
-8.780263435180590022e+04
-1.220622450903517165e+05
-1.713200004111323215e+05
-2.348832461912418657e+05
-3.090081480220861267e+05
-3.906968224775500130e+05
-4.781054442314423504e+05
-5.662022274485429516e+05
-6.438001675673220307e+05
-6.959624649764993228e+05
-7.091963228070392506e+05
-6.763429069936913438e+05
-5.998656538449737709e+05
-4.922429668156589614e+05
-3.724793309331085184e+05
-2.597897692906778539e+05
-1.676185116296339256e+05
-1.010345424431717547e+05
-5.811105607385020994e+04
-3.339851623787752033e+04
-2.108965372785802538e+04
-1.669798610899578125e+04
-1.740366459200069585e+04
-2.172137285683137088e+04
-2.900994929754070108e+04
-3.906187829980364768e+04
-5.179797637592135288e+04
-6.700406550243830134e+04
-8.412334619061309786e+04
-1.021420172007830406e+05
-1.192811251919811184e+05
-1.323722950534544652e+05
-1.372714131449577108e+05
-1.317818097858375404e+05
-1.187187446188556642e+05
-1.042334177650271304e+05
-9.252936145536630647e+04
-8.380501891294428788e+04
-7.640085337435231486e+04
-6.892330447303148685e+04
-6.077416849867408746e+04
-5.195277653393987566e+04
-4.281637181996568688e+04
-3.391352292323400616e+04
-2.583414417446837979e+04
-1.906004189191347541e+04
-1.385950391856934584e+04
-1.027119207565883517e+04
-8.173241356122361140e+03
-7.328575641024378456e+03
