1.923325768753326448e-01
1.903811595601356266e-01
1.605273474982360504e-01
1.469096919779412369e-01
1.273189752114928242e-01
1.029868038304141836e-01
7.647549304325920727e-02
5.091148102258849506e-02
2.929753142866561855e-02
1.389148497419456785e-02
5.869006515811486802e-03
5.365935019505774228e-03
1.178124019726986549e-02
2.412093791521055519e-02
4.123059480338389649e-02
6.189241938332339099e-02
8.483916507211734792e-02
1.087387447542666891e-01
1.321773017435004249e-01
1.536531998463087634e-01
1.715955156798967263e-01
1.844290433036335775e-01
1.907032733210503594e-01
1.892955027279942803e-01
1.796748777302252797e-01
1.621760586220894751e-01
1.381867571743504719e-01
1.101249110758701216e-01
8.111127596085403180e-02
5.436200210439932901e-02
3.249785464594887041e-02
1.706766082172442300e-02
8.487371596593434875e-03
6.348276395397478566e-03
9.855739911823785393e-03
1.816235352118175661e-02
3.049899982573808788e-02
4.614514922540308151e-02
6.433339907470572716e-02
8.416101765354258579e-02
1.045390171249696298e-01
1.241835506965749403e-01
1.416475232129464357e-01
1.553959338552617087e-01
1.620865558774446658e-01
