2.653219458501760580e-02
2.538850240574005643e-02
2.047432032331618704e-02
1.600234522597300882e-02
1.063611662652211472e-02
5.695226931337481376e-03
2.461360465999951411e-03
1.563823951219048616e-03
2.891394020563854261e-03
5.913298944301907493e-03
1.001502136630956843e-02
1.462179617664127566e-02
1.916258274829913538e-02
2.300764240028304805e-02
2.546387906579099247e-02
2.587580670347227815e-02
2.385154521081035012e-02
1.955859097358187901e-02
1.390236221030995666e-02
8.325840677595416559e-03
4.188632051116345824e-03
2.159747746833695203e-03
2.146284205259898093e-03
3.695871369987121548e-03
6.376742604889770565e-03
9.855635867912227940e-03
1.378150832699573738e-02
1.767716837129829424e-02
2.092026612818741887e-02
2.203582365930333367e-02
