-1.291314464641352966e-01
-1.282100434013867252e-01
-1.259260164134668736e-01
-1.223032737023419525e-01
-1.173806654839592706e-01
-1.112115298636612848e-01
-1.038630783756423204e-01
-9.541563119646491453e-02
-8.596171292400084374e-02
-7.560502044349821926e-02
-6.445927483819188786e-02
-5.264696960740886805e-02
-4.029802771803910749e-02
-2.754838030530745371e-02
-1.453848021845836024e-02
-1.411764117925013102e-03
1.168692251854864736e-02
2.461292234759138858e-02
3.722336908297099040e-02
4.937877954403285113e-02
6.094461720655867942e-02
7.179280903875980002e-02
8.180319708944286394e-02
9.086490634797682320e-02
9.887761088041592539e-02
1.057526812060227001e-01
1.114141973204109404e-01
1.157998136644694670e-01
1.188614646252398876e-01
1.205659017457715171e-01
1.208950566060406767e-01
1.198462261948883556e-01
1.174320803973060989e-01
1.136804938644690038e-01
1.086342069166387619e-01
1.023503221822281983e-01
9.489964536552851493e-02
8.636587985403808287e-02
7.684468585305330446e-02
6.644261542120896702e-02
5.527593525463785074e-02
4.346934941027281313e-02
3.115463445816740035e-02
1.846919988868202592e-02
5.554587027701115426e-03
-7.445079729529085859e-03
-2.038467486146342683e-02
-3.311967152961614591e-02
-4.550774307871729291e-02
-5.741034920283309001e-02
-6.869428901027453682e-02
-7.923320268574927938e-02
-8.890900321545983087e-02
-9.761321979708426078e-02
-1.052482351551423528e-01
-1.117284000615712536e-01
-1.169810099184738078e-01
-1.209471302558062511e-01
-1.235822603665572700e-01
-1.248568269478922271e-01
-1.247565024303096404e-01
-1.232823455284731140e-01
-1.204507643176395276e-01
-1.162933047236362760e-01
-1.108562696163528233e-01
-1.042001756588310790e-01
-9.639905665798138845e-02
-8.753962339040564922e-02
-7.772029077372422101e-02
-6.705008387947322679e-02
-5.564743471634732430e-02
-4.363888203713442437e-02
-3.115768672642729373e-02
-1.834237568071742097e-02
-5.335227552813044151e-03
7.719285674494308705e-03
2.067608659022266218e-02
3.339109421173791503e-02
4.572282340173515480e-02
5.753396461771027870e-02
6.869292606528015765e-02
7.907531985675325670e-02
8.856537363280266029e-02
9.705724936504953049e-02
1.044562517763287651e-01
1.106799100140200554e-01
1.156589178820590924e-01
1.193379200383208188e-01
1.216761340113891310e-01
1.226478005912256669e-01
1.222424579857172705e-01
1.204650379773688357e-01
1.173357850511713429e-01
1.128900019872839805e-01
1.071776276340568185e-01
1.002626544509581247e-01
9.222239491361031161e-02
8.314660701302842294e-02
7.313648990662990901e-02
6.742847306098830040e-02
