9.681517464615103652e-01
-2.533429365331931193e-01
-4.682307378878677873e-01
-5.642558687595559119e-01
-6.110513364196860087e-01
-6.204993724018866841e-01
-5.977925410377747939e-01
-5.474165919247470091e-01
-4.746961012813590286e-01
-3.860612581038970759e-01
-2.887379200715525229e-01
-1.902074997445641902e-01
-9.767375397387534353e-02
-1.765659165987819648e-02
4.428706315520952036e-02
8.378898096552477026e-02
9.791542703446237672e-02
8.544233734253159351e-02
4.708221835975035657e-02
-1.446589904943647829e-02
-9.474192102086265166e-02
-1.880182341546424163e-01
-2.879362874010640283e-01
-3.881080010712854023e-01
-4.825439786883596871e-01
-5.658698433670331651e-01
-6.333906592228972787e-01
-6.811188043600361341e-01
-7.058796113397373118e-01
-7.055565227471274348e-01
-6.794490829724572079e-01
-6.286245915653110305e-01
-5.560965865024061205e-01
-4.667017496689656597e-01
-3.666641480387132779e-01
-2.629649479340118168e-01
-1.626958297106259610e-01
-7.253477603052421729e-02
1.617768592055810308e-03
5.489697478702244837e-02
8.371384422487407329e-02
8.602759833635835462e-02
6.161674674875248364e-02
1.223827713409546790e-02
-5.844961279283035493e-02
-1.452532296339528461e-01
-2.420275251723116028e-01
-3.423154879924399374e-01
-4.398738082435315611e-01
-5.289926682138890168e-01
-6.046236195888140541e-01
-6.624099256598365848e-01
-6.987411476731633098e-01
-7.109256918822355331e-01
-6.975017968586797457e-01
-6.586117349805845622e-01
-5.962873783052099474e-01
-5.144876813150539574e-01
-4.188115668434049810e-01
-3.159438646307640708e-01
-2.129947896743823732e-01
-1.169028180432405001e-01
-3.399265745969053815e-02
3.032505605059317849e-02
7.179272791980190194e-02
8.756050232610451678e-02
7.646786522524672003e-02
3.927550457663427780e-02
-2.128075156063555240e-02
-1.007121978325627443e-01
-1.932683328298069325e-01
-2.925716823974795489e-01
-3.922180682872238866e-01
-4.862041565884805960e-01
-5.691434484347515088e-01
-6.363305357591952927e-01
-6.837688895734089778e-01
-7.082764321290924148e-01
-7.077305990296955951e-01
-6.814261873736620068e-01
-6.304268086612299093e-01
-5.577431306587030679e-01
-4.682095356221056548e-01
-3.680481488695573900e-01
-2.642384036947270087e-01
-1.638703770793903391e-01
-7.362055750109927632e-02
6.119787622558838479e-04
5.396361257837776343e-02
8.284636871539177716e-02
8.522029142035583704e-02
6.086452266954071183e-02
1.153652432679703500e-02
-5.910514276841296460e-02
-1.458664831727252420e-01
-2.426021658959496008e-01
-3.428548888581203768e-01
-4.403810323677341820e-01
-4.993995152570765428e-01
