0.000000000000000000e+00
2.298726331894970498e-01
4.597452663789940996e-01
6.896178995684911772e-01
9.194905327579881993e-01
1.149363165947485221e+00
1.379235799136982354e+00
1.609108432326479265e+00
1.838981065515976399e+00
2.068853698705473310e+00
2.298726331894970443e+00
2.528598965084467576e+00
2.758471598273964709e+00
2.988344231463461842e+00
3.218216864652958531e+00
3.448089497842455664e+00
3.677962131031952797e+00
3.907834764221449930e+00
4.137707397410946619e+00
4.367580030600444196e+00
4.597452663789940885e+00
4.827325296979438463e+00
5.057197930168935152e+00
5.287070563358431841e+00
5.516943196547929418e+00
5.746815829737426107e+00
5.976688462926923684e+00
6.206561096116420373e+00
6.436433729305917062e+00
6.666306362495414639e+00
6.896178995684911328e+00
7.126051628874408905e+00
7.355924262063905594e+00
7.585796895253402283e+00
7.815669528442899860e+00
8.045542161632397438e+00
8.275414794821893238e+00
8.505287428011390816e+00
8.735160061200888393e+00
8.965032694390384194e+00
9.194905327579881771e+00
9.424777960769379348e+00
