0.000000000000000000e+00
6.289308176100628922e-02
1.257861635220125784e-01
1.886792452830188815e-01
2.515723270440251569e-01
3.144654088050314322e-01
3.773584905660377631e-01
4.402515723270440384e-01
5.031446540880503138e-01
5.660377358490565891e-01
6.289308176100628645e-01
6.918238993710691398e-01
7.547169811320755262e-01
8.176100628930818015e-01
8.805031446540880768e-01
9.433962264150943522e-01
1.006289308176100628e+00
1.069182389937106903e+00
1.132075471698113178e+00
1.194968553459119454e+00
1.257861635220125729e+00
1.320754716981132004e+00
1.383647798742138280e+00
1.446540880503144555e+00
1.509433962264151052e+00
1.572327044025157328e+00
1.635220125786163603e+00
1.698113207547169878e+00
1.761006289308176154e+00
1.823899371069182429e+00
1.886792452830188704e+00
1.949685534591194980e+00
2.012578616352201255e+00
2.075471698113207530e+00
2.138364779874213806e+00
2.201257861635220081e+00
2.264150943396226356e+00
2.327044025157232632e+00
2.389937106918238907e+00
2.452830188679245182e+00
2.515723270440251458e+00
2.578616352201257733e+00
2.641509433962264008e+00
2.704402515723270284e+00
2.767295597484276559e+00
2.830188679245282835e+00
2.893081761006289110e+00
2.955974842767295385e+00
3.018867924528302105e+00
3.081761006289308380e+00
3.144654088050314655e+00
3.207547169811320931e+00
3.270440251572327206e+00
3.333333333333333481e+00
3.396226415094339757e+00
3.459119496855346032e+00
3.522012578616352307e+00
3.584905660377358583e+00
3.647798742138364858e+00
3.710691823899371133e+00
3.773584905660377409e+00
3.836477987421383684e+00
3.899371069182389959e+00
3.962264150943396235e+00
4.025157232704402510e+00
4.088050314465409230e+00
4.150943396226415061e+00
4.213836477987421780e+00
4.276729559748427612e+00
4.339622641509434331e+00
4.402515723270440162e+00
4.465408805031446882e+00
4.528301886792452713e+00
4.591194968553459432e+00
4.654088050314465264e+00
4.716981132075471983e+00
4.779874213836477814e+00
4.842767295597484534e+00
4.905660377358490365e+00
4.968553459119497084e+00
5.031446540880502916e+00
5.094339622641509635e+00
5.157232704402515466e+00
5.220125786163522186e+00
5.283018867924528017e+00
5.345911949685534736e+00
5.408805031446540568e+00
5.471698113207547287e+00
5.534591194968553118e+00
5.597484276729559838e+00
5.660377358490565669e+00
5.723270440251572388e+00
5.786163522012578220e+00
5.849056603773584939e+00
5.911949685534590770e+00
5.974842767295597490e+00
6.037735849056604209e+00
6.100628930817610041e+00
6.163522012578616760e+00
6.226415094339622591e+00
6.289308176100629311e+00
6.352201257861635142e+00
6.415094339622641861e+00
6.477987421383647693e+00
6.540880503144654412e+00
6.603773584905660243e+00
6.666666666666666963e+00
6.729559748427672794e+00
6.792452830188679513e+00
6.855345911949685345e+00
6.918238993710692064e+00
6.981132075471697895e+00
7.044025157232704615e+00
7.106918238993710446e+00
7.169811320754717165e+00
7.232704402515722997e+00
7.295597484276729716e+00
7.358490566037735547e+00
7.421383647798742267e+00
7.484276729559748098e+00
7.547169811320754818e+00
7.610062893081760649e+00
7.672955974842767368e+00
7.735849056603773199e+00
7.798742138364779919e+00
7.861635220125785750e+00
7.924528301886792470e+00
7.987421383647798301e+00
8.050314465408805020e+00
8.113207547169810852e+00
8.176100628930818459e+00
8.238993710691824290e+00
8.301886792452830122e+00
8.364779874213835953e+00
8.427672955974843561e+00
8.490566037735849392e+00
8.553459119496855223e+00
8.616352201257861054e+00
8.679245283018868662e+00
8.742138364779874493e+00
8.805031446540880324e+00
8.867924528301886156e+00
8.930817610062893763e+00
8.993710691823899595e+00
9.056603773584905426e+00
9.119496855345911257e+00
9.182389937106918865e+00
9.245283018867924696e+00
9.308176100628930527e+00
9.371069182389936358e+00
9.433962264150943966e+00
9.496855345911949797e+00
9.559748427672955629e+00
9.622641509433961460e+00
9.685534591194969067e+00
9.748427672955974899e+00
9.811320754716980730e+00
9.874213836477986561e+00
9.937106918238994169e+00
1.000000000000000000e+01
