0.000000000000000000e+00
6.521739130434782428e-02
1.304347826086956486e-01
1.956521739130434590e-01
2.608695652173912971e-01
3.260869565217391353e-01
3.913043478260869179e-01
4.565217391304347561e-01
5.217391304347825942e-01
5.869565217391303769e-01
6.521739130434782705e-01
7.173913043478260532e-01
7.826086956521738358e-01
8.478260869565217295e-01
9.130434782608695121e-01
9.782608695652174058e-01
1.043478260869565188e+00
1.108695652173913082e+00
1.173913043478260754e+00
1.239130434782608647e+00
1.304347826086956541e+00
1.369565217391304213e+00
1.434782608695652106e+00
1.500000000000000000e+00
