2.158795467374689192e+00
3.174345232985947285e-01
2.956816796637427025e-01
2.871139585383618020e-01
2.832217336960737852e-01
2.815053016136064845e-01
2.809481012351001117e-01
2.810576249101076063e-01
2.815673980162432533e-01
2.823219626444963271e-01
2.832256348922648770e-01
2.842171900034142773e-01
2.852563388495381602e-01
2.863160468773597311e-01
2.873779513436295341e-01
2.884295147527279335e-01
2.894621966701024229e-01
2.904702462307451882e-01
2.914498855062751526e-01
2.923987459950366241e-01
2.933154730618830475e-01
2.941994441945806060e-01
2.950505658324971692e-01
2.965498967325639335e-01
