2.446959190923733818e+00
3.755647794566958630e-01
3.528660254958467801e-01
3.449198755452120846e-01
3.421768846387234220e-01
3.418350087852312091e-01
3.427576251988460609e-01
3.443952993945522678e-01
3.464513160024886851e-01
3.487528574500518008e-01
3.511937198473790156e-01
3.537060619333773359e-01
3.562453356296478857e-01
3.587817376948766457e-01
3.612951144687568394e-01
3.637717990311200023e-01
3.662025804757261804e-01
3.685813625163000817e-01
3.709042558424214264e-01
3.731689512352692750e-01
3.753742789311287353e-01
3.775198942136278046e-01
3.796060501827547284e-01
3.816334317378541896e-01
3.836030331791286940e-01
3.855160672962852364e-01
3.873738974500554044e-01
3.891779866156496737e-01
3.909298590520158267e-01
3.926310714436977434e-01
3.942831911984887028e-01
3.958877801826985454e-01
3.974463826089676410e-01
3.989605161080658213e-01
4.004316652496933693e-01
4.018612769509414817e-01
4.032507573414089719e-01
4.046014697523726000e-01
4.059147335721709493e-01
4.071918237672546570e-01
4.084339709123720463e-01
4.096423616074436058e-01
4.108181391850936892e-01
4.119624046334746659e-01
4.130762176752388881e-01
4.141605979561459039e-01
4.152165263068882117e-01
4.162449460495973308e-01
4.172467643267891990e-01
4.182228534354938132e-01
4.191740521532402175e-01
4.201011670457842628e-01
4.210049737488887889e-01
4.218862182185202925e-01
4.227456179454103791e-01
4.235838631311258373e-01
4.244016178238572135e-01
4.251995210129011493e-01
4.259781876813897306e-01
4.267382098173500005e-01
4.274801573835267376e-01
4.282045792466763201e-01
4.289120040672597667e-01
4.296029411506507301e-01
4.302778812610155157e-01
4.309372973991694167e-01
4.315816455457106016e-01
4.322113653707947423e-01
4.328268809118907545e-01
4.334286012208459771e-01
4.340169209816113760e-01
4.345922210999107471e-01
4.351548692661038609e-01
4.357052204924830030e-01
4.362436176262032284e-01
4.367703918389335693e-01
4.372858630943947111e-01
4.377903405947882187e-01
4.382841232071212345e-01
4.387674998704425566e-01
4.392407499848543506e-01
4.397041437831765154e-01
4.401579426861643718e-01
4.406023996419936584e-01
4.410377594508161914e-01
4.414642590751148843e-01
4.418821279364948396e-01
4.422915881996192233e-01
4.426928550438591903e-01
4.430861369232853009e-01
4.434716358155249560e-01
4.438495474600209767e-01
4.442200615862273994e-01
4.445833621321719220e-01
4.449396274538550133e-01
4.452890305259458725e-01
4.456317391341306222e-01
4.459679160595196867e-01
4.462977192555381278e-01
4.466213020175366921e-01
4.469388131455525048e-01
4.472503971004964662e-01
4.475561941540505684e-01
4.478563405325988733e-01
4.481509685554351807e-01
4.484402067675000714e-01
4.487241800669080072e-01
4.490030098274954695e-01
4.492768140165898649e-01
4.495457073082363419e-01
4.498098011920654837e-01
4.500692040779959990e-01
4.503240213969507133e-01
4.505743556977565012e-01
4.508203067404028541e-01
4.510619715858059098e-01
4.512994446822270467e-01
4.515328179484803806e-01
4.517621808540803197e-01
4.519876204964456412e-01
4.522092216753007543e-01
4.524270669643447595e-01
4.526412367803505088e-01
4.528518094498046875e-01
4.530588612731101250e-01
4.532624665865500058e-01
4.534626978220428484e-01
4.536596255647875608e-01
4.538533186089114269e-01
4.540438440111468354e-01
4.542312671426630977e-01
4.544156517391095274e-01
4.545970599489397856e-01
4.547755523800777189e-01
4.549511881449981865e-01
4.551240249042877717e-01
4.552941189087306717e-01
4.554615250399747239e-01
4.556262968498735466e-01
4.557884865984846989e-01
4.559481452908245580e-01
4.561053227124254317e-01
4.562600674637143361e-01
4.564124269932751665e-01
4.565624476300343959e-01
4.567101746144062724e-01
4.568556521284327099e-01
4.569989233249620586e-01
4.571400303558957323e-01
4.572790143995501544e-01
4.574159156871372423e-01
4.575507735284201072e-01
4.576836263365745006e-01
4.578145116522690516e-01
4.579434661669825601e-01
4.580705257456306190e-01
4.581957254484838038e-01
4.583190995524070166e-01
4.584406815714554551e-01
4.585740068082538312e-01
