2.376054977653618838e+00
3.559757279519031870e-01
3.331966708867081239e-01
3.247118978796131872e-01
3.213012123192760527e-01
3.202507074352802796e-01
3.204551080583086242e-01
3.213777878026975454e-01
3.227276621374567944e-01
3.243344556519053845e-01
3.260930781158437597e-01
3.279361067005061581e-01
3.298190612410761835e-01
3.317120259054638920e-01
3.335946410225446579e-01
3.354529862076945923e-01
3.372775744794729302e-01
3.390620245323305304e-01
3.408021606978539619e-01
3.424953903088632789e-01
3.441402654186298538e-01
3.457361696656304217e-01
3.472830916874767304e-01
3.487814593817200048e-01
3.502320175691998605e-01
3.516357370173580077e-01
3.529937463820048693e-01
3.543072810682893481e-01
3.555776446940026592e-01
3.568061800137526940e-01
3.579942469944854544e-01
3.591432063286664755e-01
3.602544071028409012e-01
3.613291776548046008e-01
3.623688188854037873e-01
3.633745994642963995e-01
3.643477524990653138e-01
3.652894733351609857e-01
3.662009182289586717e-01
3.670832036933464604e-01
3.679374063591761557e-01
3.687645632300062259e-01
3.695656722339704103e-01
3.703416929972033755e-01
3.710935477794607973e-01
3.718221225252685835e-01
3.725282679939111996e-01
3.732128009395614954e-01
3.738765053190633014e-01
3.745201335099044293e-01
3.751444075248874244e-01
3.757500202131080491e-01
3.763376364394115381e-01
3.769078942364793572e-01
3.774614059252959786e-01
3.779987592009816932e-01
3.785205181820189280e-01
3.790272244216732478e-01
3.795193978810010860e-01
3.799975378633992373e-01
3.804621239109539088e-01
3.809136166631632014e-01
3.813524586788518134e-01
3.817790752222317563e-01
3.821938750141553043e-01
3.825972509497629348e-01
3.829895807837166433e-01
3.833712277842577509e-01
3.837425413573271604e-01
3.841038576420234274e-01
3.844555000786203380e-01
3.847977799503354279e-01
3.851309969000647482e-01
3.854554394232029835e-01
3.857713853376705249e-01
3.860791022322337396e-01
3.863788478941160287e-01
3.866708707169150272e-01
3.869554100897724669e-01
3.872326967686799404e-01
3.875029532308241209e-01
3.877663940127565878e-01
3.880232260331955008e-01
3.882736489012225678e-01
3.885178552105590377e-01
3.887560308206157167e-01
3.889883551249476157e-01
3.892150013077578796e-01
3.894361365890011695e-01
3.896519224586340591e-01
3.898625149005666701e-01
3.900680646068035995e-01
3.902687171822226131e-01
3.904646133404659492e-01
3.906558890913653936e-01
3.908426759202874856e-01
3.910251009598156857e-01
3.912032871540916390e-01
3.913773534161890666e-01
3.915474147788433057e-01
3.917135825388406989e-01
3.918759643953703686e-01
3.920346645825980025e-01
3.921897839967692367e-01
3.923414203180600746e-01
3.924896681274106514e-01
3.926346190186013607e-01
3.927763617057730694e-01
3.929149821265817688e-01
3.930505635412054888e-01
3.931831866273725606e-01
3.933129295716227269e-01
3.934398681569070133e-01
3.935640758467391920e-01
3.936856238660570995e-01
3.938045812788748545e-01
3.939210150629384177e-01
3.940349901814678146e-01
3.941465696521328499e-01
3.942558146133740005e-01
3.943627843881853390e-01
3.944675365454590188e-01
3.945701269590090043e-01
3.946706098643621430e-01
3.947690379134103367e-01
3.948654622270186265e-01
3.949599324456653515e-01
3.950524967782151342e-01
3.951432020488797603e-01
3.952320937424447789e-01
3.953192160478443129e-01
3.954046119001545789e-01
3.954883230210466949e-01
3.955703899577805993e-01
3.956508521207970364e-01
3.957297478199584551e-01
3.958071142994869507e-01
3.958829877716739110e-01
3.959574034493829608e-01
3.960303955774001072e-01
3.961019974627115747e-01
3.961722415036771361e-01
3.962411592182150666e-01
3.963087812710111013e-01
3.963751374997616650e-01
3.964402569405356402e-01
3.965041678522558399e-01
3.965668977403372097e-01
3.966284733795353845e-01
3.966889208360049324e-01
3.967482654886165250e-01
3.968065320495630655e-01
3.968637445842671529e-01
3.969199265306202484e-01
3.969751007175814084e-01
3.970292893831819936e-01
3.970825141919026580e-01
3.971347962514852892e-01
3.971861561292161502e-01
3.972438532045112769e-01
