2.232233211332328882e+00
3.199281905544840154e-01
2.974740259314372914e-01
2.884689307838127492e-01
2.842728017738493929e-01
2.823295372506697265e-01
2.815953549020833724e-01
2.815628116550524251e-01
2.819563904477841443e-01
2.826147293771521518e-01
2.834380566485750208e-01
2.843621834228652334e-01
2.853445912539362417e-01
2.863565191136829280e-01
2.873782352899907355e-01
2.883960957733355257e-01
2.894006515751920694e-01
2.903853960550430435e-01
2.913459157433010427e-01
2.922793028128599091e-01
2.931837414104088158e-01
2.940582120017024015e-01
2.949022773354009752e-01
2.957159257923620554e-01
2.964994556743365539e-01
2.972533890786456801e-01
2.979784073999690031e-01
2.986753028023607648e-01
2.993449415903716160e-01
2.999882365160864706e-01
3.006061258431708683e-01
3.011995575507641076e-01
3.017694774668674418e-01
3.023168204184574770e-01
3.028425037051311608e-01
3.033474223667115832e-01
3.038324458378591775e-01
3.042984156754668379e-01
3.047461441152184425e-01
3.051764132675874874e-01
3.055899748051639775e-01
3.059875500253427250e-01
3.063698301973791227e-01
3.067374771223298491e-01
3.070911238496705220e-01
3.074313755064166931e-01
3.077588102040515472e-01
3.080739799960472980e-01
3.083774118646877560e-01
3.086696087206858286e-01
3.089510504027588311e-01
3.092221946673396338e-01
3.094834781610079077e-01
3.097353173700624351e-01
3.099781095431949351e-01
3.102122335844041956e-01
3.104380509142516953e-01
3.106559062982898189e-01
3.108661286420917325e-01
3.110690317527554094e-01
3.112649150671412679e-01
3.114540643473452941e-01
3.116367523441311294e-01
3.118132394291747711e-01
3.119837741971345779e-01
3.121485940385884117e-01
3.123079256849193852e-01
3.124619857263152833e-01
3.126109811040132525e-01
3.127551095779044776e-01
3.128945601706511481e-01
3.130295135894038960e-01
3.131601426261688692e-01
3.132866125379042965e-01
3.134090814073303144e-01
3.135277004854056249e-01
3.136426145164257773e-01
3.137539620466172074e-01
3.138618757170684725e-01
3.139664825418324035e-01
3.140679041719546261e-01
3.141662571461589781e-01
3.142616531289061377e-01
3.143541991364779409e-01
3.144439977517147766e-01
3.145311473280096304e-01
3.146157421831217715e-01
3.146978727833495415e-01
3.147776259185605108e-01
3.148550848685724990e-01
3.149303295613243292e-01
3.150034367232915633e-01
3.150744800225264153e-01
3.151435302047214670e-01
3.152106552226612290e-01
3.152759203594075466e-01
3.153393883455350433e-01
3.154011194707287413e-01
3.154611716900488916e-01
3.155196007251181989e-01
3.155764601604875708e-01
3.156318015354673823e-01
3.156856744316136609e-01
3.157381265560929018e-01
3.157892038211713714e-01
3.158389504199844988e-01
3.158874088987923545e-01
3.159346202258953573e-01
3.159806238573878434e-01
3.160254577998743430e-01
3.160691586703363032e-01
3.161117617532855362e-01
3.161533010552999845e-01
3.161938093571277641e-01
3.162333182634287643e-01
3.162718582503072917e-01
3.163094587107183608e-01
3.163461479978434410e-01
3.163819534665766042e-01
3.164169015131702567e-01
3.164510176131314356e-01
3.164843263574858012e-01
3.165168514874463490e-01
3.165486159275764932e-01
3.165796418175491622e-01
3.166099505425087890e-01
3.166395627621544362e-01
3.166684984385726986e-01
3.166967768628964341e-01
3.167244166808286798e-01
3.167514359170904847e-01
3.167778519988623809e-01
3.168036817782133308e-01
3.168289415536221787e-01
3.168536470906040403e-01
3.168778136414698854e-01
3.169014559642865381e-01
3.169245883410592990e-01
3.169472245951674982e-01
3.169693781080928918e-01
3.169910618354727649e-01
3.170122883225074406e-01
3.170330697187383473e-01
3.170534177922508801e-01
3.170733439432980028e-01
3.170928592173881677e-01
3.171119743178571482e-01
3.171306996179369952e-01
3.171490451723673609e-01
3.171670207285329779e-01
3.171846357371767011e-01
3.172018993627057637e-01
3.172188204930852518e-01
3.172354077493558244e-01
3.172516694947937754e-01
3.172676138437051652e-01
3.172832486699009857e-01
3.172985816148454208e-01
3.173136200954920216e-01
3.173307947978612487e-01
