2.465429960394823095e+00
3.815656763803649265e-01
3.590090613521354501e-01
3.513487522767302917e-01
3.489377667429536811e-01
3.489463606490875169e-01
3.502269999144393409e-01
3.522251160648951496e-01
3.546412970580262725e-01
3.573012049987207006e-01
3.600977400207578394e-01
3.629625199630743260e-01
3.658506683148638472e-01
3.687321853703153796e-01
3.715868052763167673e-01
3.744008038390906901e-01
3.771649491785100117e-01
3.798731482672252358e-01
3.825215313198184197e-01
3.851078195879621413e-01
3.876308811145269262e-01
3.900904138722081638e-01
3.924867168472099821e-01
3.948205228546967094e-01
3.970928753373157427e-01
3.993050368951081563e-01
4.014584209771528411e-01
4.035545406523588507e-01
4.055949700913568656e-01
4.075813155761449647e-01
4.095151937073155390e-01
4.113982150739091681e-01
4.132319720969563348e-01
4.150180300720951454e-01
4.167579206684689508e-01
4.184531373222457606e-01
4.201051320922218890e-01
4.217153136425333959e-01
4.232850460940921211e-01
4.248156485424233741e-01
4.263083950867785354e-01
4.277645152468778633e-01
4.291851946709486221e-01
4.305715760588242347e-01
4.319247602430162924e-01
4.332458073793188924e-01
4.345357382107220001e-01
4.357955353767627438e-01
4.370261447457625681e-01
4.382284767522726110e-01
4.394034077272622185e-01
4.405517812096106933e-01
4.416744092323820481e-01
4.427720735781264794e-01
4.438455269983395679e-01
4.448954943945736540e-01
4.459226739602568657e-01
4.469277382805299514e-01
4.479113353910676998e-01
4.488740897955196263e-01
4.498166034414241565e-01
4.507394566560619653e-01
4.516432090427802137e-01
4.525284003389694609e-01
4.533955512368082474e-01
4.542451641679335350e-01
4.550777240537162704e-01
4.558936990220459062e-01
4.566935410920003324e-01
4.574776868284182729e-01
4.582465579665125910e-01
4.590005620086748395e-01
4.597400927946407867e-01
4.604655310458659612e-01
4.611772448855883111e-01
4.618755903355437065e-01
4.625609117905803980e-01
4.632335424720693817e-01
4.638938048612671339e-01
4.645420111133868324e-01
4.651784634534987806e-01
4.658034545549331051e-01
4.664172679012540401e-01
4.670201781323782830e-01
4.676124513755997580e-01
4.681943455625438011e-01
4.687661107323266019e-01
4.693279893217454091e-01
4.698802164432206996e-01
4.704230201508836640e-01
4.709566216954795270e-01
4.714812357686515853e-01
4.719970707369215424e-01
4.725043288660839558e-01
4.730032065362592131e-01
4.734938944481545398e-01
4.739765778209929503e-01
4.744514365822583568e-01
4.749186455498906057e-01
4.753783746071653660e-01
4.758307888705800015e-01
4.762760488510291434e-01
4.767143106086947357e-01
4.771457259018681007e-01
4.775704423298103296e-01
4.779886034702717224e-01
4.784003490116341406e-01
4.788058148798723934e-01
4.792051333608189356e-01
4.795984332177015697e-01
4.799858398042991525e-01
4.803674751737981308e-01
4.807434581835801635e-01
4.811139045962075089e-01
4.814789271765549938e-01
4.818386357854720914e-01
4.821931374699914841e-01
4.825425365502242214e-01
4.828869347031721215e-01
4.832264310434786214e-01
4.835611222013431187e-01
4.838911023976287251e-01
4.842164635162877762e-01
4.845372951743175949e-01
4.848536847892055413e-01
4.851657176440343777e-01
4.854734769503461500e-01
4.857770439088219816e-01
4.860764977679105092e-01
4.863719158804234444e-01
4.866633737582384822e-01
4.869509451251331500e-01
4.872347019678549551e-01
4.875147145854952235e-01
4.877910516371749550e-01
4.880637801882271587e-01
4.883329657548003966e-01
4.885986723470196469e-01
4.888609625107392942e-01
4.891198973679338757e-01
4.893755366558092401e-01
4.896279387646313985e-01
4.898771607743476197e-01
4.901232584900614975e-01
4.903662864763761453e-01
4.906062980906268911e-01
4.908433455151240410e-01
4.910774797883599163e-01
4.913087508352214638e-01
4.915372074963193505e-01
4.917628975563750338e-01
4.919858677717635631e-01
4.922061638971993447e-01
4.924238307116110547e-01
4.926389120432571600e-01
4.928514507940435774e-01
4.930614889631634301e-01
4.932690676699991728e-01
4.934742271763397081e-01
4.936948731361419651e-01
