9.226693758287827229e-01
2.506131866324113888e-01
2.251471191032921038e-01
2.143214709214403546e-01
2.087063609603613812e-01
2.055237647034928450e-01
2.036398139562053122e-01
2.025066511884543730e-01
2.018304725018516543e-01
2.014421687088356894e-01
2.012393343648772592e-01
2.011575735348546112e-01
2.011552190719381739e-01
2.012047190438070177e-01
2.012875566438306896e-01
2.013911418195652725e-01
2.015068506484697375e-01
2.016287568132326402e-01
2.017527930587655616e-01
2.018761866882579914e-01
2.019970735981720389e-01
2.021142308772739815e-01
2.022268894656467642e-01
2.023346016689375193e-01
2.024371467422382831e-01
2.025344631922762761e-01
2.026266000157989078e-01
2.027136814733369596e-01
2.027958816088919758e-01
2.028734058305348698e-01
2.029464776327393749e-01
2.030153290779622144e-01
2.030801940347018164e-01
2.031413034402974604e-01
2.031988820517033889e-01
2.032531462887440799e-01
2.033043028773888761e-01
2.033525480761640969e-01
2.033980673245338044e-01
2.034410351933533256e-01
2.034816155482100652e-01
2.035383234275982833e-01
