2.418826675707829388e+00
3.674817230528730772e-01
3.447139970037990109e-01
3.365074139376545981e-01
3.334492203886803008e-01
3.327750773562872522e-01
3.333622308255653199e-01
3.346670249248482887e-01
3.363952515194883475e-01
3.383751434688391790e-01
3.405008648063442278e-01
3.427046165776382325e-01
3.449417397635189952e-01
3.471822523195345900e-01
3.494057965315881531e-01
3.515984971871744524e-01
3.537509408001613953e-01
3.558568384915860583e-01
3.579121197422074352e-01
3.599143054929076491e-01
3.618620668484237024e-01
3.637549097626130989e-01
3.655929468529948156e-01
3.673767304764370967e-01
3.691071295100061267e-01
3.707852377166989122e-01
3.724123051990938515e-01
3.739896869012069858e-01
3.755188038115762628e-01
3.770011137034836035e-01
3.784380890855314483e-01
3.798312006356334702e-01
3.811819048258756615e-01
3.824916347634292335e-01
3.837617935073250330e-01
3.849937492954840224e-01
3.861888322474317792e-01
3.873483322072313606e-01
3.884734974664083018e-01
3.895655341643337044e-01
3.906256062079675462e-01
3.916548355871050657e-01
3.926543029880396052e-01
3.936250486293411677e-01
3.945680732597622309e-01
3.954843392711905881e-01
3.963747718896010186e-01
3.972402604150152006e-01
3.980816594878269221e-01
3.988997903638716314e-01
3.996954421846090622e-01
4.004693732320157573e-01
4.012223121603222808e-01
4.019549591986707471e-01
4.026679873204938032e-01
4.033620433766222924e-01
4.040377491901259721e-01
4.046957026117697365e-01
4.053364785354918176e-01
4.059606298739028007e-01
4.065686884941092094e-01
4.071611661145047578e-01
4.077385551633511129e-01
4.083013296001846149e-01
4.088499457011707805e-01
4.093848428095810954e-01
4.099064440527038777e-01
4.104151570264223947e-01
4.109113744487952746e-01
4.113954747839142501e-01
4.118678228373160444e-01
4.123287703242032309e-01
4.127786564116909807e-01
4.132178082362705229e-01
4.136465413976347927e-01
4.140651604299872002e-01
4.144739592518527638e-01
4.148732215954599178e-01
4.152632214166751545e-01
4.156442232863721276e-01
4.160164827641775753e-01
4.163802467554368891e-01
4.167357538521954674e-01
4.170832346589964379e-01
4.174229121041904689e-01
4.177550017375035729e-01
4.180797120145065549e-01
4.183972445686020558e-01
4.187077944711651845e-01
4.190115504803824109e-01
4.193086952793386724e-01
4.195994057038802127e-01
4.198838529607027414e-01
4.201622028361701178e-01
4.204346158962961044e-01
4.207012476782765464e-01
4.209622488740066282e-01
4.212177655059347048e-01
4.214679390956135863e-01
4.217129068253042123e-01
4.219528016929348091e-01
4.221877526607236142e-01
4.224178847977611007e-01
4.226433194168376373e-01
4.228641742057550057e-01
4.230805633533788468e-01
4.232925976706882754e-01
4.235003847070185068e-01
4.237040288617239248e-01
4.239036314914732539e-01
4.240992910133525862e-01
4.242911030039622777e-01
4.244791602947066145e-01
4.246635530634130795e-01
4.248443689224504216e-01
4.250216930034992902e-01
4.251956080391162129e-01
4.253661944412389651e-01
4.255335303767309174e-01
4.256976918401271792e-01
4.258587527236870063e-01
4.260167848848495642e-01
4.261718582112223319e-01
4.263240406831964591e-01
4.264733984342825579e-01
4.266199958092574684e-01
4.267638954202394586e-01
4.269051582007381551e-01
4.270438434577784048e-01
4.271800089221777785e-01
4.273137107970511606e-01
4.274450038046064271e-01
4.275739412313055432e-01
4.277005749714526406e-01
4.278249555692779649e-01
4.279471322595498339e-01
4.280671530068218544e-01
4.281850645433145641e-01
4.283009124055071060e-01
4.284147409695222564e-01
4.285265934852789949e-01
4.286365121095094266e-01
4.287445379376886856e-01
4.288507110348924734e-01
4.289550704656185931e-01
4.290576543226408135e-01
4.291584997549182101e-01
4.292576429945814676e-01
4.293551193830402180e-01
4.294509633962465545e-01
4.295452086691532445e-01
4.296378880193741367e-01
4.297290334700765158e-01
4.298186762721740162e-01
4.299068469257920633e-01
4.299935752010512480e-01
4.300788901582207058e-01
4.301628201672103025e-01
4.302453929264749566e-01
4.303370502302781841e-01
