1.811795246291211109e-02
1.344293788067910458e-02
6.799017753164081530e-03
-5.702576258248362743e-05
-4.298115596677383639e-03
-3.777689507398583526e-03
2.420225920686848724e-04
5.566192168536903372e-03
1.075863509683911735e-02
1.448571886649173586e-02
1.489686684419070165e-02
1.073745873943281019e-02
3.587062401564063922e-03
-2.231890049265691615e-03
-3.865526091900961438e-03
-2.172701336949607511e-03
1.076656342617957063e-03
5.170761716736129061e-03
9.443439303068417237e-03
8.670370658433207423e-03
