1.970885860685391566e-01
1.608726476951403139e-01
1.010028443950814203e-01
3.958800448075316947e-02
1.448029180097065716e-03
5.505836708049549610e-03
4.158467809851001951e-02
9.038644243124777100e-02
1.379640980124342275e-01
1.713023298092415381e-01
1.739486105978063357e-01
1.357838319233990176e-01
7.156061028089244491e-02
1.921760076128609107e-02
4.048611430063492334e-03
1.966661846710593409e-02
5.071417143957987483e-02
8.950508395601047829e-02
1.285546166361102027e-01
1.278015580823858577e-01
