3.154247000094034803e-02
2.778248809365818292e-02
1.987633578489206646e-02
1.187489910941696980e-02
6.924460025573258258e-03
7.431659591616035856e-03
1.224557962978718370e-02
1.886690522297477385e-02
2.524842839771643949e-02
2.950293723721269731e-02
2.955110638486696181e-02
2.433546313619952897e-02
1.591643008341021501e-02
9.085509601126874266e-03
7.082308546623741763e-03
9.299418343678816576e-03
1.378361917411034462e-02
1.925158767707256871e-02
2.443417160146555550e-02
2.538957277072363683e-02
