2.663144743060363862e-01
2.345687801670483241e-01
1.678167852906250757e-01
1.002603002766530305e-01
5.846352335466212247e-02
6.274583180402912297e-02
1.033899723636816925e-01
1.592941182503636033e-01
2.131736016739017581e-01
2.490946086523360137e-01
2.495013029040839825e-01
2.054653954467641763e-01
1.343831256831125587e-01
7.670936084442392389e-02
5.979624542437611545e-02
7.851540185264196947e-02
1.163757085059719809e-01
1.625420092853636089e-01
2.062987954004169566e-01
2.143652898802326789e-01
