4.540821579060500685e-02
4.213889095596212025e-02
3.228157139541486947e-02
2.276923590278854756e-02
1.723583611378813607e-02
1.832544259717163240e-02
2.474150833087607540e-02
3.331878877580253528e-02
4.111811859867332830e-02
4.560855942141418817e-02
4.461597981016557357e-02
3.757103335073002509e-02
2.732525199759303081e-02
1.936604725647039088e-02
1.739296372526437373e-02
2.088625330057917659e-02
2.736878415441035967e-02
3.466555718225339949e-02
4.072280262604728585e-02
4.323485181538134353e-02
