3.833835814725199964e-01
3.557805267768150426e-01
2.725547401863708252e-01
1.922416693943272969e-01
1.455229293625908693e-01
1.547225252665918593e-01
2.088936530487069954e-01
2.813120125683621353e-01
3.471621004547992273e-01
3.850750916401739499e-01
3.766946979243779303e-01
3.172139022605374725e-01
2.307083155124507456e-01
1.635083965947820572e-01
1.468495647607702126e-01
1.763435637031797454e-01
2.310758594447385184e-01
2.926828380035689237e-01
3.438244301508710521e-01
3.650337729597398773e-01
