1.529706768530920413e-01
1.134993212235766435e-01
5.740440868065566082e-02
-4.814710447089975975e-04
-3.628918076490486588e-02
-3.189520019276520513e-02
2.043407487588466687e-03
4.699560754773135507e-02
9.083563367040581316e-02
1.223035673731249218e-01
1.257749079986252572e-01
9.065684074486099475e-02
3.028572707676358000e-02
-1.884394675373698980e-02
-3.263680837455601447e-02
-1.834421382841949777e-02
9.090257290694514491e-03
4.365697069104948480e-02
7.973137720548367779e-02
7.320432432432477654e-02
