1.223114795153403545e-01
8.048286146261690588e-02
2.687436349115795986e-02
-2.868747228802220883e-02
-6.295232088154859018e-02
-5.827086712016199543e-02
-2.563068064380386035e-02
1.685897673245373429e-02
5.822521102935943049e-02
8.838080149824559251e-02
9.230664065992891243e-02
5.915281758207993623e-02
1.320142159371789914e-03
-4.568039931683823274e-02
-5.853292606362842099e-02
-4.504464889883674772e-02
-1.992781436401597217e-02
1.186651879600192361e-02
4.592749535831336383e-02
3.536702910387864995e-02
