1.448665598607235157e-02
9.532445616745400044e-03
3.183018145833474769e-03
-3.397764002146983278e-03
-7.456116300362909503e-03
-6.901641688293433559e-03
-3.035715491685316188e-03
1.996788831007672606e-03
6.896234149411993412e-03
1.046788308139017139e-02
1.093286217916017260e-02
7.006100509241310059e-03
1.563585477938006865e-04
-5.410417998634806623e-03
-6.932680130286897682e-03
-5.335119280680584823e-03
-2.360264076517881379e-03
1.405478669959026993e-03
5.439684224197236483e-03
4.188895317982312128e-03
