2.334330805636476713e-02
1.905386733904906871e-02
1.196284654690017192e-02
4.688830552620644292e-03
1.715055747259572468e-04
6.521150968090384196e-04
4.925317952916397068e-03
1.070543257668790139e-02
1.634056291571743189e-02
2.028916608148743916e-02
2.060259340309613871e-02
1.608233069650867597e-02
8.475688033539494418e-03
2.276145887610793277e-03
4.795203299070077891e-04
2.329327854353756971e-03
6.006621440400003974e-03
1.060104387105074465e-02
1.522609745224419789e-02
1.513690467779324651e-02
