4.799605798814183394e-02
3.988779012304156935e-02
2.596335356716158657e-02
1.625443534744271459e-02
1.368836846015325862e-02
2.037568294886682799e-02
3.370516572502126051e-02
4.751830261772600067e-02
5.556679641732738262e-02
5.462050999379838151e-02
4.567532880136013912e-02
3.258616822654427508e-02
2.018472139254139444e-02
1.365390948798834818e-02
1.624829541969485813e-02
2.657009537775817387e-02
3.972182321357814461e-02
5.005649305241341440e-02
5.329572407506527609e-02
5.105076354585332682e-02
