4.052328480138990274e-01
3.367743825239634115e-01
2.192097466131935346e-01
1.372369191305123359e-01
1.155715025001011753e-01
1.720327955607841575e-01
2.845742103008823687e-01
4.011991382151615104e-01
4.691529286168749646e-01
4.611633903398296708e-01
3.856388284787764520e-01
2.751264647518564255e-01
1.704204986644423658e-01
1.152805638685688028e-01
1.371850794480017899e-01
2.243324946517493423e-01
3.353731165405248182e-01
4.226291927188904896e-01
4.499781640241692915e-01
4.310238626280814556e-01
