3.698629258445052664e-02
3.235627725765326951e-02
2.272925202035448386e-02
1.337544004321205085e-02
7.697136431088953852e-03
8.453868302651044650e-03
1.431017573037267863e-02
2.219168970243926703e-02
2.964481042883677572e-02
3.449111756576483945e-02
3.432868932275583151e-02
2.804682653042194981e-02
1.818334925392074003e-02
1.028628471309831795e-02
8.012228678018838701e-03
1.069309228618685673e-02
1.610337901935414776e-02
2.264354587361294344e-02
2.870026322585723239e-02
2.968650757056651851e-02
