2.404511618834012932e-01
1.999053059167206492e-01
1.265022283448023477e-01
5.232259930545735127e-02
1.028568037889235343e-02
2.030756285190038479e-02
6.888495222744325797e-02
1.324222846042031609e-01
1.919437900340968950e-01
2.285773234346252514e-01
2.231970728280784633e-01
1.692455066070125413e-01
8.870522589546224468e-02
2.693860019879310008e-02
1.344119094314530360e-02
4.012083943929117824e-02
8.725675462452736619e-02
1.419263271367255386e-01
1.897847382350011936e-01
1.951537599225054431e-01
