2.978456064117587093e-02
2.629694866997427452e-02
1.894967831622085611e-02
1.134903340153978722e-02
6.619313320681944474e-03
7.086359222828278806e-03
1.158978380518974061e-02
1.775172275046276241e-02
2.372239449494685515e-02
2.778961343753679619e-02
2.797000826453667141e-02
2.315284623335026742e-02
1.518126110079973806e-02
8.652927893809286494e-03
6.745986115002687751e-03
8.842427328335114231e-03
1.303933560886746251e-02
1.816381166367073488e-02
2.306773782201363560e-02
2.401078102810620327e-02
