2.415673411372141755e-01
2.139265770949470014e-01
1.558368853799341758e-01
9.321689154945564382e-02
5.393680837523806559e-02
5.794194769476077034e-02
9.462274495082104164e-02
1.441076549092585590e-01
1.922471742861179556e-01
2.258863301448241767e-01
2.286945310375320672e-01
1.903716620124990544e-01
1.247972293130675675e-01
7.051463923990272664e-02
5.499968847237754477e-02
7.233547225404518555e-02
1.060894122229742720e-01
1.473066295249936819e-01
1.873041703096118837e-01
1.954759150546406254e-01
