2.899849439069325518e-02
2.564608326019804721e-02
1.858673502645610126e-02
1.113641458278147485e-02
6.481664875402923590e-03
6.945943884052291004e-03
1.132764534859909827e-02
1.728234838600084533e-02
2.306714611510811419e-02
2.706373803444317785e-02
2.732730485319704791e-02
2.269557566247857108e-02
1.489200510717107913e-02
8.463147434372901221e-03
6.603739343414552834e-03
8.660373031434314209e-03
1.272254057019798351e-02
1.768351757682365757e-02
2.246655650895018619e-02
2.341547674684756747e-02
