2.514723675525265545e-01
2.220263048736588751e-01
1.599929751507223330e-01
9.582039276323672805e-02
5.588715618059722501e-02
5.983044546336999114e-02
9.785305910753672176e-02
1.498785831348990183e-01
2.002892296961474861e-01
2.346289397616909134e-01
2.361520212933074514e-01
1.954805084427234385e-01
1.281760613306957564e-01
7.305705428836611892e-02
5.695666020572270893e-02
7.465700642545405885e-02
1.100916893278172104e-01
1.533578681206675953e-01
1.947619343480675169e-01
2.027240899963390075e-01
