2.861140248153155874e-02
2.533761132587554477e-02
1.845742817751583678e-02
1.104067292227146196e-02
6.388312781555233015e-03
6.862684244709190383e-03
1.120718316867785717e-02
1.706821003148953700e-02
2.276988790596868803e-02
2.675413272516268329e-02
2.708673797557450622e-02
2.254775093883171558e-02
1.478106990641583560e-02
8.351802502089344243e-03
6.514201033277113549e-03
8.567463220024299983e-03
1.256530314839410765e-02
1.744709879115432724e-02
2.218443510604200392e-02
2.315230218929790335e-02
