3.122769100157198885e-01
2.731854850972482707e-01
1.919040837001561028e-01
1.129294339857890850e-01
6.498726454352449222e-02
7.137638532448023487e-02
1.208214488829690847e-01
1.873654211890066201e-01
2.502924503065995787e-01
2.912100365786357559e-01
2.898386477131439931e-01
2.368006013219396133e-01
1.535228248623711211e-01
8.684755841407884591e-02
6.764760237047776070e-02
9.028225281079410580e-02
1.359615438474635618e-01
1.911804628989446087e-01
2.423175963458528426e-01
2.506445011250513222e-01
