2.847920144093544700e-02
2.367692229773799353e-02
1.498301116758936520e-02
6.197124746088961481e-03
1.218243077609240796e-03
2.405241749316963749e-03
8.158781248417816198e-03
1.568418671372751386e-02
2.273395486592995687e-02
2.707285582625384296e-02
2.643561523391741580e-02
2.004555452292456144e-02
1.050630813073622979e-02
3.190626385786712264e-03
1.591983925041441390e-03
4.751939892580227774e-03
1.033475019446655416e-02
1.680985206575510982e-02
2.247823528185210334e-02
2.311414591327309517e-02
