2.448355753082681052e-01
2.165310193286976992e-01
1.569286288451310907e-01
9.402524263886465061e-02
5.472498424725044663e-02
5.864491252541312316e-02
9.563981248289851744e-02
1.459156345414414080e-01
1.947569385403998821e-01
2.285003415136527549e-01
2.307256478634363561e-01
1.916197527158039482e-01
1.257338601371687514e-01
7.145472944548436622e-02
5.575566439924034556e-02
7.311991391580449640e-02
1.074169747546240561e-01
1.493027238264140188e-01
1.896861338370000039e-01
1.976979095256656827e-01
